98, 165, 167, 42, 77, 142, 15, 83, 47, 159
128, 35, 102, 168, 80, 145, 147, 22, 56, 125
174, 79, 52, 117, 150, 58, 175, 60, 93, 126
96, 70, 168, 114, 20, 86, 25, 90, 27, 61
71, 168, 140, 142, 143, 113, 50, 119, 121, 158
165, 134, 113, 40, 9, 12, 17, 82, 20, 23
128, 35, 38, 72, 17, 18, 83, 154, 125, 158
162, 131, 164, 105, 44, 144, 67, 87, 169, 59
96, 129, 98, 103, 40, 124, 14, 15, 112, 156
64, 5, 73, 74, 11, 174, 19, 148, 179, 63
65, 100, 41, 140, 80, 84, 118, 119, 88, 164
67, 70, 72, 9, 80, 49, 84, 120, 156, 125
64, 68, 5, 42, 108, 141, 111, 144, 86, 62
64, 131, 100, 113, 137, 106, 76, 145, 125, 126
129, 71, 8, 73, 76, 46, 50, 20, 153, 127
0, 102, 136, 75, 142, 8, 82, 115, 55, 95
161, 71, 141, 49, 52, 149, 87, 57, 92, 93
19, 5, 134, 48, 81, 82, 115, 116, 151, 6
132, 6, 166, 107, 174, 149, 22, 120, 123, 61
97, 104, 9, 106, 46, 17, 82, 56, 123, 29
3, 5, 38, 72, 140, 14, 147, 63, 62, 95
38, 42, 139, 142, 144, 115, 78, 150, 151, 152
1, 130, 38, 102, 33, 136, 39, 114, 18, 26
98, 34, 5, 63, 43, 114, 50, 41, 31, 127
66, 171, 41, 43, 172, 51, 148, 120, 154, 58
34, 3, 71, 104, 98, 50, 177, 82, 148, 89
150, 145, 76, 113, 83, 148, 22, 37, 126, 127
66, 3, 101, 138, 111, 49, 54, 55, 92, 63
100, 133, 106, 143, 176, 147, 121, 57, 47, 30
37, 105, 170, 107, 108, 173, 143, 82, 19, 175
160, 33, 39, 104, 137, 103, 176, 72, 152, 28
160, 99, 100, 135, 171, 173, 115, 23, 122, 94
131, 169, 172, 174, 44, 80, 117, 150, 124, 149
130, 132, 37, 61, 93, 62, 22, 87, 157, 30
118, 38, 138, 23, 89, 116, 86, 25, 153, 154
1, 66, 100, 37, 6, 171, 46, 117, 90, 60
99, 135, 104, 172, 109, 80, 150, 119, 152, 91
33, 35, 70, 167, 177, 58, 26, 60, 29, 62
34, 131, 6, 45, 144, 179, 20, 21, 22, 61
160, 43, 100, 169, 75, 140, 22, 132, 30, 127
129, 68, 5, 8, 43, 78, 149, 155, 156, 85
72, 10, 109, 110, 143, 179, 23, 24, 156, 61
0, 97, 147, 101, 104, 12, 51, 148, 21, 53
98, 39, 168, 40, 178, 116, 23, 24, 90, 124
32, 163, 7, 75, 110, 112, 55, 122, 124, 58
164, 38, 104, 173, 110, 175, 113, 83, 120, 127
162, 35, 14, 80, 49, 19, 54, 152, 155, 95
0, 101, 106, 173, 145, 178, 55, 59, 28, 69
131, 101, 81, 167, 73, 17, 53, 90, 155, 62
27, 135, 11, 142, 16, 84, 46, 86, 87, 123
4, 138, 14, 143, 25, 85, 23, 89, 90, 94
134, 71, 42, 109, 84, 117, 24, 121, 155, 127
65, 2, 16, 104, 170, 109, 144, 179, 56, 61
69, 167, 136, 42, 172, 110, 48, 150, 155, 62
128, 166, 70, 170, 173, 46, 77, 177, 55, 27
27, 102, 139, 44, 175, 78, 15, 54, 47, 63
19, 1, 130, 163, 172, 76, 179, 52, 155, 159
129, 163, 132, 102, 141, 16, 148, 151, 28, 158
162, 37, 73, 74, 2, 44, 109, 112, 24, 156
164, 70, 7, 137, 167, 140, 47, 80, 76, 169
2, 163, 100, 37, 113, 171, 112, 81, 35, 85
33, 3, 38, 136, 41, 108, 18, 52, 63, 159
33, 133, 140, 12, 109, 48, 20, 53, 120, 37
161, 67, 164, 9, 23, 80, 20, 55, 27, 61
98, 68, 9, 107, 12, 13, 109, 87, 92, 126
128, 66, 132, 136, 10, 139, 52, 151, 164, 159
65, 35, 103, 73, 140, 110, 83, 24, 27, 124
133, 7, 11, 174, 175, 115, 88, 90, 94, 63
64, 162, 40, 12, 107, 108, 141, 147, 121, 123
129, 107, 110, 47, 112, 146, 84, 53, 87, 90
3, 37, 102, 11, 111, 81, 99, 54, 59, 92
112, 132, 172, 14, 79, 16, 51, 150, 25, 4
131, 6, 134, 41, 11, 157, 20, 93, 30, 101
66, 9, 108, 110, 14, 48, 179, 148, 117, 58
97, 139, 134, 9, 119, 121, 153, 154, 124, 58
129, 155, 39, 171, 44, 15, 178, 163, 123, 157
97, 162, 99, 13, 14, 82, 56, 26, 59, 94
160, 0, 101, 134, 169, 176, 81, 146, 54, 151
128, 98, 99, 40, 138, 178, 82, 21, 55, 159
97, 2, 162, 102, 71, 141, 88, 91, 94, 95
32, 1, 123, 36, 10, 11, 46, 111, 59, 63
96, 128, 70, 105, 77, 143, 48, 17, 83, 60
5, 171, 76, 78, 15, 17, 19, 25, 121, 29
96, 0, 66, 132, 166, 6, 106, 45, 81, 26
130, 69, 10, 11, 159, 49, 51, 152, 91, 95
161, 40, 105, 142, 112, 145, 50, 122, 123, 60
161, 34, 3, 103, 108, 12, 49, 137, 153, 154
64, 33, 69, 7, 129, 138, 103, 16, 49, 122
67, 135, 104, 10, 173, 79, 147, 149, 92, 159
97, 34, 129, 170, 140, 50, 179, 149, 25, 122
130, 35, 69, 104, 67, 111, 48, 43, 50, 3
161, 99, 36, 166, 129, 168, 169, 79, 113, 84
64, 112, 165, 134, 16, 88, 27, 70, 93, 126
33, 2, 100, 103, 72, 171, 16, 117, 92, 95
130, 67, 106, 76, 79, 177, 50, 121, 175, 31
97, 102, 46, 15, 113, 84, 20, 79, 93, 158
160, 3, 166, 8, 106, 81, 83, 120, 153, 125
168, 42, 76, 79, 146, 19, 116, 89, 74, 95
64, 161, 101, 0, 8, 43, 78, 113, 23, 25
36, 70, 76, 78, 178, 110, 119, 120, 91, 31
35, 101, 39, 60, 10, 13, 146, 28, 93, 31
98, 100, 102, 103, 72, 42, 77, 47, 48, 27
1, 101, 70, 15, 144, 22, 55, 57, 79, 95
66, 101, 8, 170, 142, 86, 87, 122, 93, 30
36, 42, 45, 114, 19, 52, 88, 25, 90, 30
128, 7, 137, 167, 143, 81, 85, 152, 29, 159
96, 83, 131, 163, 13, 47, 19, 118, 28, 94
64, 131, 68, 69, 135, 141, 177, 18, 29, 133
68, 150, 73, 12, 29, 144, 145, 86, 164, 61
64, 36, 136, 41, 111, 51, 52, 58, 156, 62
66, 99, 69, 73, 44, 45, 143, 114, 53, 41
70, 139, 12, 109, 175, 80, 158, 90, 27, 126
161, 69, 71, 8, 137, 44, 92, 85, 58, 60
98, 4, 5, 137, 45, 13, 26, 91, 60, 95
3, 165, 134, 136, 137, 138, 110, 104, 22, 23
162, 67, 15, 144, 17, 147, 21, 175, 124, 31
160, 97, 34, 135, 43, 176, 17, 149, 118, 155
32, 2, 35, 135, 73, 51, 150, 119, 152, 93
34, 131, 133, 106, 172, 116, 151, 154, 155, 10
160, 99, 4, 133, 169, 10, 179, 117, 36, 74
96, 99, 164, 165, 11, 45, 18, 179, 24, 62
4, 165, 74, 178, 144, 82, 51, 68, 28, 94
163, 103, 44, 85, 87, 89, 123, 124, 158, 31
130, 68, 75, 80, 49, 18, 19, 85, 122, 127
128, 32, 66, 8, 74, 43, 44, 115, 149, 122
96, 129, 164, 6, 1, 138, 11, 13, 152, 159
64, 2, 163, 168, 13, 174, 111, 147, 26, 92
147, 39, 139, 45, 174, 51, 14, 23, 26, 123
65, 133, 6, 1, 105, 167, 78, 81, 54, 124
69, 8, 75, 14, 40, 57, 89, 87, 91, 125
33, 169, 172, 84, 22, 56, 153, 90, 123, 94
32, 165, 38, 7, 72, 106, 107, 13, 48, 118
161, 33, 65, 71, 138, 39, 143, 18, 83, 57
128, 67, 170, 107, 177, 158, 118, 119, 28, 62
161, 5, 72, 74, 77, 17, 114, 51, 155, 92
36, 49, 107, 140, 177, 116, 117, 88, 153, 31
65, 165, 170, 139, 109, 15, 114, 53, 22, 61
165, 168, 105, 13, 112, 113, 114, 86, 59, 30
34, 50, 132, 146, 114, 78, 178, 87, 27, 125
65, 162, 136, 74, 111, 145, 178, 21, 55, 127
66, 4, 39, 10, 135, 145, 20, 89, 59, 62
68, 107, 12, 79, 16, 177, 148, 57, 153, 156
160, 0, 4, 103, 171, 15, 176, 49, 21, 85
132, 41, 172, 110, 81, 50, 105, 4, 28, 29
38, 102, 7, 108, 12, 175, 115, 52, 21, 121
1, 166, 108, 139, 140, 13, 47, 85, 152, 26
97, 100, 69, 166, 167, 161, 138, 77, 178, 157
1, 68, 166, 42, 115, 20, 88, 28, 126, 127
162, 9, 42, 141, 25, 73, 24, 57, 26, 156
160, 32, 40, 16, 18, 116, 88, 89, 124, 157
32, 2, 36, 71, 169, 108, 21, 26, 53, 117
65, 163, 169, 77, 174, 17, 21, 118, 57, 154
36, 105, 170, 46, 145, 84, 117, 125, 30, 21
96, 34, 130, 135, 74, 141, 14, 86, 154, 157
34, 118, 166, 74, 177, 86, 151, 24, 153, 6
134, 40, 75, 46, 48, 51, 116, 53, 118, 56
8, 41, 11, 141, 109, 40, 178, 148, 58, 158
33, 72, 75, 173, 175, 176, 146, 149, 153, 158
4, 133, 6, 170, 111, 57, 122, 156, 157, 95
0, 65, 105, 171, 78, 125, 88, 84, 56, 61
96, 39, 170, 77, 142, 116, 149, 119, 30, 31
16, 98, 132, 134, 112, 146, 85, 86, 91, 63
68, 7, 139, 76, 46, 79, 176, 115, 148, 58
166, 106, 75, 44, 151, 56, 57, 122, 60, 126
65, 7, 10, 108, 45, 174, 120, 59, 125, 63
0, 131, 5, 136, 137, 173, 114, 120, 121, 92
96, 163, 147, 146, 145, 18, 83, 54, 154, 91
0, 128, 37, 105, 173, 48, 177, 146, 53, 59
97, 3, 4, 1, 137, 43, 174, 176, 91, 126
32, 130, 91, 39, 151, 77, 150, 119, 7, 59
160, 133, 103, 136, 52, 54, 152, 89, 29, 158
35, 75, 172, 142, 82, 24, 31, 60, 93, 159
32, 130, 36, 71, 171, 143, 24, 53, 118, 56
176, 165, 167, 45, 47, 157, 54, 88, 29, 31
32, 2, 67, 164, 168, 9, 18, 151, 126, 127
2, 67, 45, 157, 144, 115, 55, 111, 29, 94
162, 168, 77, 142, 173, 179, 116, 28, 157, 30
133, 135, 107, 141, 54, 25, 154, 167, 94, 37
99, 138, 75, 78, 47, 43, 146, 139, 121, 156
9, 38, 41, 176, 56, 52, 73, 119, 120, 89
