97, 164, 70, 33, 41, 114, 50, 180, 182, 151, 281, 122
299, 293, 8, 267, 140, 241, 179, 148, 278, 24, 94, 101
123, 36, 134, 174, 272, 17, 274, 117, 4, 90, 95, 223
224, 132, 246, 6, 138, 93, 115, 118, 279, 24, 27, 221
32, 2, 260, 69, 167, 8, 103, 118, 184, 153, 31, 191
34, 195, 197, 79, 49, 114, 23, 184, 25, 143, 29, 223
33, 3, 37, 168, 109, 47, 80, 141, 269, 214, 281, 52
160, 161, 11, 166, 75, 172, 206, 241, 114, 211, 116, 251
1, 291, 4, 69, 70, 169, 139, 76, 173, 142, 20, 281
128, 33, 102, 167, 296, 10, 289, 50, 193, 187, 74, 127
19, 27, 168, 9, 106, 107, 79, 275, 244, 87, 57, 143
160, 97, 194, 292, 231, 105, 7, 278, 90, 156, 285, 30
19, 99, 164, 101, 262, 199, 264, 273, 243, 212, 56, 285
165, 42, 46, 275, 181, 54, 55, 25, 127, 220, 61, 197
194, 37, 198, 295, 74, 43, 290, 239, 240, 205, 19, 216
256, 33, 194, 99, 257, 79, 148, 249, 252, 157, 254, 159
97, 162, 291, 101, 166, 167, 233, 45, 239, 83, 247, 253
257, 98, 227, 66, 2, 268, 77, 180, 91, 124, 29, 223
269, 136, 138, 205, 238, 207, 176, 210, 52, 185, 187, 61
290, 228, 39, 264, 10, 12, 14, 144, 40, 21, 154, 273
224, 132, 8, 299, 77, 142, 177, 181, 88, 281, 283, 252
66, 259, 295, 201, 267, 178, 82, 19, 56, 121, 29, 127
161, 226, 228, 197, 234, 43, 140, 290, 111, 145, 84, 281
5, 105, 170, 173, 145, 149, 216, 25, 154, 123, 284, 30
3, 1, 35, 140, 205, 243, 57, 279, 153, 123, 220, 94
5, 39, 104, 76, 13, 142, 237, 209, 276, 278, 23, 156
98, 35, 261, 230, 167, 172, 239, 179, 148, 54, 29, 195
3, 69, 294, 73, 10, 111, 113, 84, 279, 121, 266, 126
34, 278, 240, 177, 178, 275, 245, 182, 186, 282, 253, 37
195, 5, 70, 137, 111, 17, 21, 150, 90, 47, 26, 223
66, 163, 200, 156, 11, 264, 85, 23, 267, 186, 184, 124
162, 4, 230, 265, 211, 271, 115, 279, 58, 156, 93, 95
260, 174, 285, 112, 121, 254, 246, 4, 184, 132, 189, 286
0, 65, 196, 262, 6, 168, 9, 266, 140, 15, 188, 61
197, 5, 28, 44, 47, 120, 274, 213, 248, 143, 156, 255
211, 297, 202, 109, 243, 84, 85, 41, 24, 185, 122, 26
2, 67, 294, 265, 234, 162, 110, 125, 241, 53, 279, 170
289, 67, 6, 105, 74, 14, 277, 278, 297, 90, 28, 287
288, 160, 229, 103, 241, 145, 82, 151, 216, 55, 122, 92
83, 197, 72, 233, 171, 77, 80, 19, 25, 169, 281, 93
128, 118, 262, 43, 19, 86, 90, 159, 60, 93, 126, 229
0, 193, 35, 68, 262, 230, 235, 178, 246, 215, 216, 58
132, 266, 235, 173, 13, 51, 53, 279, 152, 283, 126, 255
229, 103, 40, 14, 207, 83, 277, 22, 55, 191, 126, 261
288, 126, 34, 109, 206, 49, 211, 180, 53, 246, 92, 286
129, 98, 163, 16, 232, 79, 240, 83, 212, 183, 280, 143
225, 66, 227, 260, 161, 295, 13, 207, 273, 147, 219, 287
97, 34, 59, 132, 101, 6, 257, 110, 175, 56, 283, 29
175, 165, 297, 298, 210, 253, 178, 211, 54, 73, 123, 61
224, 196, 5, 73, 44, 79, 274, 86, 218, 251, 252, 62
0, 96, 163, 230, 201, 138, 279, 77, 144, 9, 297, 282
176, 290, 144, 171, 78, 111, 272, 276, 270, 153, 42, 127
257, 163, 6, 202, 240, 273, 18, 179, 149, 119, 280, 186
288, 171, 36, 42, 107, 44, 207, 175, 178, 118, 283, 222
101, 134, 297, 172, 13, 48, 274, 181, 278, 201, 152, 26
289, 67, 261, 70, 129, 234, 43, 13, 245, 278, 250, 38
162, 77, 140, 12, 130, 206, 47, 144, 85, 187, 222, 21
98, 295, 10, 226, 142, 144, 24, 185, 282, 283, 158, 127
198, 71, 104, 41, 206, 143, 82, 110, 150, 120, 154, 31
193, 194, 170, 79, 275, 277, 87, 217, 282, 47, 157, 159
259, 196, 40, 233, 203, 141, 271, 296, 227, 89, 158, 159
224, 208, 290, 292, 33, 13, 48, 18, 276, 245, 218, 93
96, 100, 268, 77, 206, 207, 49, 119, 280, 153, 282, 92
192, 96, 196, 69, 263, 264, 199, 141, 209, 277, 279, 251
66, 107, 172, 78, 176, 178, 142, 248, 218, 251, 254, 287
256, 33, 292, 69, 295, 202, 115, 86, 119, 186, 124, 138
64, 257, 195, 172, 46, 17, 212, 21, 150, 124, 30, 223
36, 37, 249, 201, 107, 209, 118, 55, 217, 91, 220, 93
193, 291, 135, 233, 76, 139, 236, 240, 274, 41, 251, 158
65, 27, 4, 295, 8, 145, 236, 200, 292, 186, 91, 63
0, 289, 195, 8, 267, 146, 147, 55, 183, 92, 29, 191
230, 101, 294, 296, 171, 178, 114, 245, 86, 153, 58, 133
291, 39, 74, 295, 143, 248, 275, 87, 184, 186, 155, 151
129, 187, 294, 297, 299, 174, 48, 49, 281, 154, 27, 282
164, 37, 263, 72, 9, 177, 270, 271, 136, 14, 228, 92
7, 169, 235, 172, 174, 240, 83, 214, 233, 281, 151, 95
100, 259, 68, 8, 138, 208, 115, 148, 245, 25, 220, 157
130, 260, 231, 39, 162, 240, 17, 50, 20, 56, 282, 62
64, 192, 147, 229, 109, 238, 248, 51, 184, 91, 189, 286
162, 5, 10, 267, 269, 270, 15, 49, 115, 276, 45, 59
97, 291, 6, 161, 39, 125, 243, 94, 122, 93, 286, 127
224, 131, 262, 198, 233, 170, 171, 238, 149, 86, 88, 217
192, 100, 38, 234, 235, 108, 114, 179, 21, 196, 58, 159
257, 226, 75, 39, 43, 45, 142, 16, 241, 210, 277, 255
97, 35, 132, 261, 230, 296, 137, 22, 217, 27, 158, 255
96, 35, 101, 266, 144, 181, 214, 87, 56, 156, 30, 229
65, 258, 49, 230, 71, 40, 269, 238, 144, 81, 247, 252
224, 139, 147, 72, 10, 235, 112, 243, 85, 88, 59, 285
226, 260, 165, 81, 232, 209, 20, 87, 249, 155, 157, 255
224, 258, 259, 228, 263, 137, 175, 209, 150, 218, 155, 60
2, 11, 37, 40, 107, 29, 273, 210, 131, 253, 254, 165
288, 160, 67, 69, 78, 17, 248, 249, 251, 285, 94, 133
260, 70, 38, 167, 233, 74, 199, 108, 44, 208, 156, 62
3, 67, 166, 39, 40, 109, 61, 80, 147, 217, 285, 31
1, 203, 292, 263, 168, 235, 204, 80, 275, 24, 185, 91
112, 2, 196, 133, 103, 296, 75, 108, 142, 272, 148, 31
162, 291, 134, 112, 50, 116, 85, 182, 184, 187, 62, 63
0, 16, 163, 230, 193, 265, 11, 47, 80, 243, 84, 250
256, 163, 172, 45, 239, 272, 17, 179, 57, 26, 124, 191
134, 235, 12, 109, 271, 209, 116, 215, 120, 15, 252, 255
161, 163, 231, 169, 62, 76, 142, 271, 208, 82, 181, 222
192, 1, 226, 71, 232, 12, 268, 237, 47, 16, 85, 54
229, 231, 9, 107, 204, 180, 213, 151, 120, 116, 119, 165
4, 38, 231, 106, 43, 238, 239, 113, 277, 247, 215, 95
291, 141, 206, 111, 272, 181, 25, 154, 283, 156, 58, 190
224, 289, 290, 37, 265, 11, 140, 176, 23, 217, 219, 158
225, 258, 103, 201, 10, 207, 112, 147, 278, 185, 255, 287
64, 258, 67, 198, 102, 297, 10, 148, 53, 248, 90, 149
131, 294, 231, 138, 140, 238, 82, 149, 219, 92, 221, 95
288, 99, 293, 6, 268, 299, 44, 78, 35, 119, 93, 190
160, 282, 36, 262, 299, 205, 47, 179, 276, 250, 58, 255
155, 262, 104, 202, 205, 269, 114, 51, 22, 184, 27, 29
32, 96, 194, 232, 106, 144, 209, 244, 277, 87, 152, 95
226, 227, 165, 103, 135, 237, 181, 247, 249, 27, 281, 189
0, 162, 5, 7, 200, 71, 210, 269, 82, 111, 283, 125
65, 3, 298, 76, 191, 79, 244, 149, 183, 152, 287, 31
96, 130, 99, 292, 102, 7, 268, 208, 277, 187, 253, 126
160, 289, 2, 164, 136, 234, 173, 177, 154, 298, 157, 127
3, 4, 230, 40, 145, 67, 148, 53, 278, 292, 251, 189
65, 290, 165, 102, 299, 204, 109, 52, 278, 280, 157, 62
161, 34, 99, 197, 102, 202, 236, 173, 275, 214, 58, 186
32, 163, 182, 265, 243, 21, 214, 279, 280, 250, 27, 191
0, 35, 292, 293, 294, 232, 203, 175, 80, 245, 38, 181
160, 272, 2, 227, 229, 151, 172, 48, 23, 24, 219, 188
256, 65, 98, 163, 225, 137, 268, 66, 176, 17, 188, 30
225, 36, 261, 231, 296, 234, 206, 80, 114, 185, 260, 202
283, 40, 42, 43, 44, 208, 145, 116, 246, 27, 232, 286
51, 245, 132, 264, 9, 13, 80, 211, 21, 57, 284, 117
192, 40, 136, 169, 170, 235, 176, 273, 244, 9, 298, 285
257, 164, 133, 168, 73, 45, 208, 276, 55, 249, 218, 158
188, 77, 143, 56, 116, 182, 152, 250, 283, 252, 190, 255
251, 81, 108, 172, 173, 216, 146, 211, 152, 90, 283, 188
32, 3, 199, 265, 42, 171, 47, 271, 84, 20, 127, 255
129, 162, 227, 134, 71, 136, 258, 148, 218, 91, 190, 95
96, 2, 99, 133, 166, 263, 204, 145, 275, 54, 189, 287
68, 170, 269, 174, 208, 113, 178, 275, 150, 247, 191, 287
128, 133, 295, 138, 18, 175, 178, 117, 214, 219, 74, 149
199, 232, 266, 173, 243, 84, 247, 280, 89, 251, 124, 29
65, 3, 289, 136, 297, 108, 18, 238, 76, 50, 187, 223
68, 8, 266, 183, 236, 296, 242, 244, 213, 87, 218, 155
288, 1, 228, 22, 33, 264, 105, 267, 108, 56, 214, 24
194, 6, 104, 284, 258, 237, 179, 277, 151, 60, 158, 63
64, 100, 294, 264, 270, 8, 83, 20, 57, 25, 284, 95
130, 34, 5, 198, 167, 72, 10, 204, 45, 150, 58, 197
51, 164, 112, 50, 19, 85, 86, 56, 57, 154, 156, 285
22, 134, 174, 271, 277, 118, 23, 280, 38, 220, 126, 69
161, 131, 70, 198, 167, 265, 199, 270, 195, 215, 280, 221
70, 296, 106, 299, 46, 210, 78, 87, 249, 156, 93, 222
224, 1, 194, 133, 193, 107, 76, 15, 118, 26, 239, 95
279, 136, 169, 298, 107, 108, 81, 115, 52, 23, 216, 234
66, 196, 229, 135, 201, 204, 237, 143, 89, 58, 220, 29
0, 171, 38, 102, 72, 75, 141, 153, 123, 189, 286, 229
288, 130, 131, 214, 264, 201, 42, 206, 112, 115, 54, 221
4, 71, 264, 297, 207, 248, 51, 212, 151, 24, 218, 62
256, 161, 104, 73, 298, 267, 204, 144, 19, 117, 23, 58
257, 226, 72, 188, 139, 111, 216, 212, 217, 88, 89, 200
34, 104, 252, 11, 270, 144, 147, 85, 25, 92, 30, 31
256, 294, 170, 76, 173, 174, 15, 117, 119, 88, 59, 253
256, 129, 195, 68, 105, 203, 141, 84, 57, 187, 60, 190
161, 290, 259, 40, 60, 298, 171, 15, 82, 59, 220, 222
123, 38, 7, 265, 11, 205, 110, 259, 212, 117, 182, 91
100, 166, 7, 168, 203, 46, 80, 146, 22, 120, 154, 159
96, 164, 133, 77, 79, 16, 177, 114, 56, 36, 186, 31
97, 98, 195, 100, 200, 173, 45, 50, 52, 121, 124, 30
0, 129, 162, 198, 199, 74, 12, 144, 244, 117, 266, 191
225, 102, 241, 264, 119, 13, 48, 113, 215, 88, 90, 183
161, 259, 228, 134, 7, 234, 231, 270, 175, 16, 93, 286
4, 293, 9, 143, 16, 209, 146, 276, 196, 26, 92, 218
288, 129, 33, 6, 161, 10, 204, 177, 181, 248, 186, 94
128, 100, 39, 8, 233, 234, 75, 172, 271, 149, 185, 253
128, 59, 36, 135, 264, 175, 81, 23, 250, 219, 157, 254
194, 132, 293, 71, 39, 270, 81, 51, 53, 246, 151, 159
224, 64, 66, 131, 7, 169, 75, 98, 54, 186, 123, 26
290, 131, 8, 137, 42, 242, 163, 180, 117, 23, 120, 157
32, 257, 2, 75, 135, 232, 73, 299, 145, 244, 180, 157
176, 166, 289, 136, 170, 205, 47, 48, 53, 89, 122, 222
128, 64, 188, 105, 175, 18, 51, 244, 246, 183, 124, 190
162, 195, 262, 168, 74, 235, 209, 244, 117, 280, 20, 28
64, 71, 136, 41, 135, 269, 48, 53, 247, 28, 253, 21
1, 98, 257, 232, 141, 110, 296, 82, 52, 26, 187, 191
0, 228, 102, 17, 44, 173, 174, 241, 242, 212, 185, 217
258, 100, 261, 168, 13, 113, 20, 85, 54, 248, 104, 122
192, 96, 130, 0, 225, 203, 239, 160, 121, 271, 28, 287
176, 227, 197, 70, 296, 139, 205, 45, 240, 115, 244, 165
32, 96, 194, 4, 5, 225, 72, 78, 111, 273, 213, 30
35, 295, 169, 106, 285, 241, 18, 180, 57, 125, 94, 287
65, 162, 69, 72, 28, 172, 200, 52, 120, 168, 284, 30
96, 260, 9, 138, 18, 179, 116, 213, 73, 56, 284, 158
33, 130, 131, 176, 270, 208, 273, 155, 214, 282, 123, 124
32, 225, 134, 78, 288, 113, 118, 151, 251, 284, 253, 190
130, 133, 262, 104, 234, 203, 109, 176, 254, 158, 189, 222
98, 164, 179, 70, 135, 43, 206, 115, 121, 255, 4, 287
128, 256, 101, 78, 82, 245, 182, 216, 219, 220, 221, 63
97, 68, 243, 41, 202, 275, 9, 246, 233, 148, 59, 222
11, 261, 15, 171, 141, 14, 207, 112, 148, 184, 59, 287
66, 163, 5, 70, 177, 146, 213, 26, 223, 29, 158, 229
33, 167, 265, 238, 272, 49, 82, 211, 150, 95, 60, 63
34, 291, 5, 39, 13, 143, 120, 277, 22, 183, 216, 251
203, 164, 293, 298, 107, 146, 14, 143, 81, 210, 238, 58
256, 164, 261, 200, 137, 12, 237, 146, 275, 132, 92, 63
163, 69, 199, 299, 269, 208, 114, 211, 286, 186, 155, 30
67, 54, 106, 299, 236, 274, 50, 21, 150, 152, 252, 254
65, 35, 193, 268, 205, 111, 125, 243, 52, 120, 250, 221
161, 291, 198, 263, 220, 94, 211, 190, 182, 122, 60, 158
256, 228, 134, 102, 168, 119, 143, 150, 247, 154, 252, 94
160, 202, 268, 110, 175, 24, 18, 14, 183, 280, 111, 252
288, 258, 7, 104, 44, 240, 152, 56, 58, 125, 62, 191
256, 194, 106, 43, 236, 210, 46, 18, 270, 153, 62, 53
129, 259, 292, 135, 200, 188, 76, 116, 100, 92, 61, 126
272, 290, 67, 167, 112, 177, 99, 89, 215, 88, 25, 63
147, 198, 298, 114, 207, 48, 18, 83, 245, 90, 286, 223
272, 35, 196, 7, 200, 203, 44, 48, 131, 31, 253, 127
160, 66, 230, 12, 45, 275, 180, 245, 247, 153, 155, 254
290, 227, 102, 231, 266, 139, 34, 195, 215, 184, 249, 187
258, 6, 136, 75, 140, 237, 120, 85, 152, 121, 188, 223
99, 165, 103, 41, 235, 274, 209, 146, 213, 246, 247, 250
192, 131, 197, 38, 295, 41, 268, 14, 149, 23, 155, 221
67, 230, 231, 105, 253, 81, 242, 180, 59, 84, 155, 93
64, 129, 133, 167, 139, 289, 49, 242, 89, 153, 282, 61
192, 226, 136, 105, 170, 108, 46, 240, 220, 123, 284, 221
192, 67, 203, 76, 13, 270, 145, 274, 150, 24, 219, 159
192, 291, 236, 202, 108, 272, 152, 146, 3, 216, 249, 219
193, 258, 100, 293, 175, 147, 53, 56, 250, 239, 190, 159
2, 195, 66, 293, 230, 138, 269, 17, 210, 214, 29, 5
3, 20, 49, 105, 172, 81, 148, 87, 89, 281, 61, 286
226, 165, 294, 106, 267, 46, 125, 182, 184, 251, 124, 189
225, 219, 101, 273, 259, 233, 113, 83, 22, 88, 57, 155
17, 133, 294, 241, 264, 46, 113, 213, 183, 123, 60, 232
166, 204, 74, 140, 271, 274, 19, 276, 22, 89, 280, 180
195, 102, 38, 40, 266, 43, 78, 85, 150, 151, 123, 284
84, 97, 118, 71, 41, 50, 212, 86, 217, 26, 223, 31
100, 102, 166, 103, 108, 11, 268, 77, 213, 217, 125, 254
259, 101, 294, 227, 137, 45, 174, 112, 179, 88, 122, 126
193, 226, 68, 39, 92, 298, 75, 16, 81, 169, 60, 254
289, 36, 166, 169, 240, 82, 149, 22, 55, 125, 190, 117
128, 99, 263, 41, 42, 75, 177, 82, 215, 87, 284, 94
139, 68, 69, 201, 299, 207, 273, 276, 247, 120, 260, 221
101, 199, 284, 267, 141, 239, 113, 214, 25, 271, 252, 150
196, 198, 295, 138, 241, 108, 78, 81, 18, 86, 248, 103
289, 98, 259, 16, 103, 237, 14, 272, 148, 182, 26, 222
68, 234, 75, 77, 206, 45, 52, 14, 183, 249, 219, 28
1, 291, 36, 165, 38, 7, 238, 83, 180, 227, 246, 185
263, 266, 139, 268, 173, 274, 180, 281, 248, 217, 218, 283
97, 35, 260, 193, 268, 202, 12, 80, 87, 24, 121, 137
128, 176, 164, 266, 139, 174, 112, 177, 115, 183, 292, 10
256, 192, 71, 297, 76, 210, 212, 55, 122, 28, 61, 127
32, 193, 3, 41, 266, 171, 44, 176, 241, 215, 282, 126
262, 103, 236, 135, 204, 16, 113, 178, 212, 86, 215, 137
64, 34, 168, 107, 78, 238, 296, 242, 181, 72, 153, 91
288, 257, 67, 129, 15, 240, 113, 147, 213, 88, 91, 221
97, 130, 260, 121, 202, 215, 110, 276, 55, 292, 170, 222
64, 225, 131, 68, 197, 7, 137, 49, 118, 91, 189, 63
130, 99, 201, 298, 204, 205, 237, 49, 20, 86, 15, 156
16, 169, 274, 157, 48, 178, 211, 116, 217, 90, 28, 189
32, 64, 231, 201, 170, 15, 274, 212, 277, 233, 90, 190
130, 99, 132, 106, 34, 110, 83, 276, 88, 84, 42, 191
192, 65, 98, 199, 204, 15, 245, 154, 207, 124, 157, 158
129, 66, 179, 47, 298, 174, 15, 17, 83, 52, 249, 155
86, 294, 106, 107, 141, 270, 206, 181, 214, 89, 222, 133
160, 226, 166, 232, 76, 239, 208, 21, 89, 60, 286, 159
32, 4, 236, 77, 46, 285, 243, 88, 250, 187, 92, 125
194, 267, 263, 265, 279, 43, 84, 181, 55, 26, 125, 199
33, 292, 81, 40, 177, 12, 110, 111, 273, 41, 247, 190
203, 261, 134, 74, 235, 272, 242, 278, 267, 89, 94, 63
227, 165, 12, 170, 140, 142, 19, 152, 153, 63, 30, 127
160, 97, 291, 196, 261, 105, 146, 121, 132, 31, 284, 36
33, 164, 229, 137, 42, 139, 242, 244, 85, 246, 27, 213
1, 293, 70, 263, 225, 140, 237, 79, 21, 154, 30, 261
101, 231, 202, 109, 205, 17, 242, 243, 116, 216, 124, 62
18, 6, 135, 200, 299, 114, 79, 178, 86, 111, 223, 287
188, 258, 166, 220, 74, 171, 142, 79, 146, 51, 207, 156
132, 99, 228, 293, 169, 74, 237, 145, 182, 100, 60, 31
2, 196, 211, 263, 104, 98, 239, 209, 51, 123, 221, 95
128, 226, 262, 12, 236, 46, 19, 52, 184, 90, 188, 286
34, 228, 201, 2, 49, 242, 54, 215, 68, 220, 253, 254
193, 134, 199, 72, 10, 135, 13, 212, 120, 59, 28, 94
129, 228, 167, 236, 110, 79, 51, 279, 25, 250, 61, 255
197, 103, 43, 141, 112, 145, 83, 116, 59, 37, 254, 63
1, 37, 263, 296, 106, 11, 54, 55, 25, 119, 28, 118
3, 36, 261, 42, 27, 50, 276, 149, 24, 121, 63, 31
290, 228, 177, 137, 205, 45, 145, 146, 52, 119, 121, 62
224, 0, 6, 39, 8, 73, 75, 113, 242, 20, 22, 297
73, 77, 28, 50, 110, 246, 57, 218, 59, 188, 285, 62
130, 131, 295, 104, 42, 242, 47, 114, 20, 53, 57, 126
187, 229, 265, 235, 141, 142, 237, 23, 186, 219, 189, 127
32, 128, 260, 293, 11, 12, 144, 87, 185, 282, 91, 93
224, 32, 259, 166, 200, 44, 78, 80, 273, 210, 151, 126
64, 194, 37, 134, 135, 106, 269, 46, 115, 182, 185, 191
293, 38, 168, 44, 140, 109, 206, 53, 152, 249, 91, 189
37, 70, 105, 234, 239, 9, 117, 138, 55, 218, 175, 297
19, 105, 173, 14, 209, 51, 213, 22, 119, 280, 61, 159
96, 80, 68, 197, 241, 8, 265, 203, 16, 72, 104, 221
65, 69, 262, 11, 208, 116, 118, 250, 244, 122, 61, 94
288, 1, 267, 198, 167, 171, 109, 271, 122, 285, 222, 223
225, 258, 227, 36, 71, 232, 73, 108, 142, 122, 27, 157
65, 69, 72, 46, 14, 136, 238, 185, 216, 57, 283, 21
179, 71, 9, 139, 147, 84, 278, 183, 248, 60, 125, 95
289, 35, 37, 73, 138, 107, 48, 50, 245, 54, 281, 153
128, 257, 198, 233, 48, 210, 115, 149, 154, 159, 252, 117
1, 200, 73, 119, 236, 269, 174, 109, 147, 20, 110, 201
