3600	16	7	8
3599	15	7	7
3598	15	7	7
3597	15	6	7
3596	15	6	6
3595	15	6	6
3594	14	6	6
3593	14	6	6
3592	13	6	6
3591	13	6	6
3590	13	6	6
3589	13	6	6
3588	13	6	6
3587	13	6	6
3586	13	6	6
3585	13	6	6
3584	12	6	6
3583	12	6	6
3582	12	6	6
3581	12	6	6
3580	12	6	6
3579	12	5	6
3578	12	5	6
3577	11	5	6
3576	11	5	6
3575	11	5	5
3574	11	5	5
3573	11	5	5
3572	11	5	5
3571	11	5	5
3570	11	5	5
3569	11	5	5
3568	11	5	5
3567	11	5	5
3566	11	5	5
3565	11	5	5
3564	11	5	5
3563	11	5	5
3562	11	5	5
3561	11	5	5
3560	10	5	5
3559	10	5	5
3558	10	5	5
3557	10	5	5
3556	10	5	5
3555	10	5	5
3554	10	5	5
3553	10	5	5
3552	10	5	5
3551	10	5	5
3550	10	5	5
3549	10	5	5
3548	10	5	5
3547	10	5	5
3546	10	5	5
3545	10	5	5
3544	10	5	5
3543	10	5	5
3542	10	5	5
3541	10	5	5
3540	10	5	5
3539	10	5	5
3538	10	5	5
3537	10	5	5
3536	10	5	5
3535	10	5	5
3534	10	5	5
3533	10	5	5
3532	10	5	5
3531	10	5	5
3530	9	5	5
3529	9	5	5
3528	9	5	5
3527	9	5	5
3526	9	5	5
3525	9	5	5
3524	9	5	5
3523	9	5	5
3522	9	5	5
3521	9	5	5
3520	9	5	5
3519	9	4	5
3518	9	4	5
3517	9	4	5
3516	9	4	5
3515	9	4	5
3514	9	4	5
3513	9	4	5
3512	9	4	5
3511	9	4	5
3510	9	4	5
3509	9	4	5
3508	9	4	5
3507	9	4	5
3506	9	4	5
3505	9	4	5
3504	9	4	4
3503	9	4	4
3502	9	4	4
3501	9	4	4
3500	9	4	4
3499	9	4	4
3498	9	4	4
3497	9	4	4
3496	9	4	4
3495	9	4	4
3494	9	4	4
3493	9	4	4
3492	9	4	4
3491	9	4	4
3490	9	4	4
3489	9	4	4
3488	9	4	4
3487	9	4	4
3486	9	4	4
3485	9	4	4
3484	9	4	4
3483	9	4	4
3482	9	4	4
3481	9	4	4
3480	9	4	4
3479	9	4	4
3478	9	4	4
3477	9	4	4
3476	9	4	4
3475	9	4	4
3474	9	4	4
3473	9	4	4
3472	9	4	4
3471	9	4	4
3470	9	4	4
3469	9	4	4
3468	9	4	4
3467	9	4	4
3466	9	4	4
3465	9	4	4
3464	9	4	4
3463	9	4	4
3462	9	4	4
3461	9	4	4
3460	8	4	4
3459	8	4	4
3458	8	4	4
3457	8	4	4
3456	8	4	4
3455	8	4	4
3454	8	4	4
3453	8	4	4
3452	8	4	4
3451	8	4	4
3450	8	4	4
3449	8	4	4
3448	8	4	4
3447	8	4	4
3446	8	4	4
3445	8	4	4
3444	8	4	4
3443	8	4	4
3442	8	4	4
3441	8	4	4
3440	8	4	4
3439	8	4	4
3438	8	4	4
3437	8	4	4
3436	8	4	4
3435	8	4	4
3434	8	4	4
3433	8	4	4
3432	8	4	4
3431	8	4	4
3430	8	4	4
3429	8	4	4
3428	8	4	4
3427	8	4	4
3426	8	4	4
3425	8	4	4
3424	8	4	4
3423	8	4	4
3422	8	4	4
3421	8	4	4
3420	8	4	4
3419	8	4	4
3418	8	4	4
3417	8	4	4
3416	8	4	4
3415	8	4	4
3414	8	4	4
3413	8	4	4
3412	8	4	4
3411	8	4	4
3410	8	4	4
3409	8	4	4
3408	8	4	4
3407	8	4	4
3406	8	4	4
3405	8	4	4
3404	8	4	4
3403	8	4	4
3402	8	4	4
3401	8	4	4
3400	8	4	4
3399	8	4	4
3398	8	4	4
3397	8	4	4
3396	8	4	4
3395	8	4	4
3394	8	4	4
3393	8	4	4
3392	8	4	4
3391	8	4	4
3390	8	4	4
3389	8	4	4
3388	8	4	4
3387	8	4	4
3386	8	4	4
3385	8	4	4
3384	8	4	4
3383	8	4	4
3382	8	4	4
3381	8	4	4
3380	8	4	4
3379	8	4	4
3378	8	4	4
3377	8	4	4
3376	8	4	4
3375	8	4	4
3374	8	4	4
3373	8	4	4
3372	8	4	4
3371	8	4	4
3370	8	4	4
3369	8	4	4
3368	8	4	4
3367	8	4	4
3366	8	4	4
3365	8	4	4
3364	8	4	4
3363	8	4	4
3362	8	4	4
3361	8	4	4
3360	8	4	4
3359	8	4	4
3358	8	4	4
3357	8	4	4
3356	8	4	4
3355	8	4	4
3354	8	4	4
3353	7	4	4
3352	7	4	4
3351	7	4	4
3350	7	4	4
3349	7	4	4
3348	7	4	4
3347	7	4	4
3346	7	4	4
3345	7	4	4
3344	7	4	4
3343	7	4	4
3342	7	4	4
3341	7	4	4
3340	7	4	4
3339	7	4	4
3338	7	4	4
3337	7	4	4
3336	7	4	4
3335	7	4	4
3334	7	4	4
3333	7	4	4
3332	7	4	4
3331	7	4	4
3330	7	4	4
3329	7	4	4
3328	7	4	4
3327	7	4	4
3326	7	4	4
3325	7	4	4
3324	7	4	4
3323	7	4	4
3322	7	4	4
3321	7	4	4
3320	7	4	4
3319	7	4	4
3318	7	4	4
3317	7	4	4
3316	7	4	4
3315	7	4	4
3314	7	4	4
3313	7	4	4
3312	7	4	4
3311	7	4	4
3310	7	4	4
3309	7	4	4
3308	7	4	4
3307	7	4	4
3306	7	3	4
3305	7	3	4
3304	7	3	4
3303	7	3	4
3302	7	3	4
3301	7	3	4
3300	7	3	4
3299	7	3	4
3298	7	3	4
3297	7	3	4
3296	7	3	4
3295	7	3	4
3294	7	3	4
3293	7	3	4
3292	7	3	4
3291	7	3	4
3290	7	3	4
3289	7	3	4
3288	7	3	4
3287	7	3	4
3286	7	3	4
3285	7	3	4
3284	7	3	4
3283	7	3	4
3282	7	3	4
3281	7	3	4
3280	7	3	4
3279	7	3	4
3278	7	3	4
3277	7	3	4
3276	7	3	4
3275	7	3	4
3274	7	3	4
3273	7	3	4
3272	7	3	4
3271	7	3	4
3270	7	3	4
3269	7	3	4
3268	7	3	4
3267	7	3	4
3266	7	3	4
3265	7	3	4
3264	7	3	4
3263	7	3	4
3262	7	3	4
3261	7	3	4
3260	7	3	4
3259	7	3	4
3258	7	3	3
3257	7	3	3
3256	7	3	3
3255	7	3	3
3254	7	3	3
3253	7	3	3
3252	7	3	3
3251	7	3	3
3250	7	3	3
3249	7	3	3
3248	7	3	3
3247	7	3	3
3246	7	3	3
3245	7	3	3
3244	7	3	3
3243	7	3	3
3242	7	3	3
3241	7	3	3
3240	7	3	3
3239	7	3	3
3238	7	3	3
3237	7	3	3
3236	7	3	3
3235	7	3	3
3234	7	3	3
3233	7	3	3
3232	7	3	3
3231	7	3	3
3230	7	3	3
3229	7	3	3
3228	7	3	3
3227	7	3	3
3226	7	3	3
3225	7	3	3
3224	7	3	3
3223	7	3	3
3222	7	3	3
3221	7	3	3
3220	7	3	3
3219	7	3	3
3218	7	3	3
3217	7	3	3
3216	7	3	3
3215	7	3	3
3214	7	3	3
3213	7	3	3
3212	7	3	3
3211	7	3	3
3210	7	3	3
3209	7	3	3
3208	7	3	3
3207	7	3	3
3206	7	3	3
3205	7	3	3
3204	7	3	3
3203	7	3	3
3202	7	3	3
3201	7	3	3
3200	7	3	3
3199	7	3	3
3198	7	3	3
3197	7	3	3
3196	7	3	3
3195	7	3	3
3194	7	3	3
3193	7	3	3
3192	7	3	3
3191	7	3	3
3190	7	3	3
3189	7	3	3
3188	7	3	3
3187	7	3	3
3186	7	3	3
3185	7	3	3
3184	7	3	3
3183	7	3	3
3182	7	3	3
3181	7	3	3
3180	7	3	3
3179	7	3	3
3178	7	3	3
3177	7	3	3
3176	7	3	3
3175	7	3	3
3174	7	3	3
3173	7	3	3
3172	7	3	3
3171	7	3	3
3170	7	3	3
3169	7	3	3
3168	7	3	3
3167	7	3	3
3166	7	3	3
3165	7	3	3
3164	7	3	3
3163	7	3	3
3162	7	3	3
3161	7	3	3
3160	7	3	3
3159	7	3	3
3158	7	3	3
3157	7	3	3
3156	7	3	3
3155	7	3	3
3154	7	3	3
3153	6	3	3
3152	6	3	3
3151	6	3	3
3150	6	3	3
3149	6	3	3
3148	6	3	3
3147	6	3	3
3146	6	3	3
3145	6	3	3
3144	6	3	3
3143	6	3	3
3142	6	3	3
3141	6	3	3
3140	6	3	3
3139	6	3	3
3138	6	3	3
3137	6	3	3
3136	6	3	3
3135	6	3	3
3134	6	3	3
3133	6	3	3
3132	6	3	3
3131	6	3	3
3130	6	3	3
3129	6	3	3
3128	6	3	3
3127	6	3	3
3126	6	3	3
3125	6	3	3
3124	6	3	3
3123	6	3	3
3122	6	3	3
3121	6	3	3
3120	6	3	3
3119	6	3	3
3118	6	3	3
3117	6	3	3
3116	6	3	3
3115	6	3	3
3114	6	3	3
3113	6	3	3
3112	6	3	3
3111	6	3	3
3110	6	3	3
3109	6	3	3
3108	6	3	3
3107	6	3	3
3106	6	3	3
3105	6	3	3
3104	6	3	3
3103	6	3	3
3102	6	3	3
3101	6	3	3
3100	6	3	3
3099	6	3	3
3098	6	3	3
3097	6	3	3
3096	6	3	3
3095	6	3	3
3094	6	3	3
3093	6	3	3
3092	6	3	3
3091	6	3	3
3090	6	3	3
3089	6	3	3
3088	6	3	3
3087	6	3	3
3086	6	3	3
3085	6	3	3
3084	6	3	3
3083	6	3	3
3082	6	3	3
3081	6	3	3
3080	6	3	3
3079	6	3	3
3078	6	3	3
3077	6	3	3
3076	6	3	3
3075	6	3	3
3074	6	3	3
3073	6	3	3
3072	6	3	3
3071	6	3	3
3070	6	3	3
3069	6	3	3
3068	6	3	3
3067	6	3	3
3066	6	3	3
3065	6	3	3
3064	6	3	3
3063	6	3	3
3062	6	3	3
3061	6	3	3
3060	6	3	3
3059	6	3	3
3058	6	3	3
3057	6	3	3
3056	6	3	3
3055	6	3	3
3054	6	3	3
3053	6	3	3
3052	6	3	3
3051	6	3	3
3050	6	3	3
3049	6	3	3
3048	6	3	3
3047	6	3	3
3046	6	3	3
3045	6	3	3
3044	6	3	3
3043	6	3	3
3042	6	3	3
3041	6	3	3
3040	6	3	3
3039	6	3	3
3038	6	3	3
3037	6	3	3
3036	6	3	3
3035	6	3	3
3034	6	3	3
3033	6	3	3
3032	6	3	3
3031	6	3	3
3030	6	3	3
3029	6	3	3
3028	6	3	3
3027	6	3	3
3026	6	3	3
3025	6	3	3
3024	6	3	3
3023	6	3	3
3022	6	3	3
3021	6	3	3
3020	6	3	3
3019	6	3	3
3018	6	3	3
3017	6	3	3
3016	6	3	3
3015	6	3	3
3014	6	3	3
3013	6	3	3
3012	6	3	3
3011	6	3	3
3010	6	3	3
3009	6	3	3
3008	6	3	3
3007	6	3	3
3006	6	3	3
3005	6	3	3
3004	6	3	3
3003	6	3	3
3002	6	3	3
3001	6	3	3
3000	6	3	3
2999	6	3	3
2998	6	3	3
2997	6	3	3
2996	6	3	3
2995	6	3	3
2994	6	3	3
2993	6	3	3
2992	6	3	3
2991	6	3	3
2990	6	3	3
2989	6	3	3
2988	6	3	3
2987	6	3	3
2986	6	3	3
2985	6	3	3
2984	6	3	3
2983	6	3	3
2982	6	3	3
2981	6	3	3
2980	6	3	3
2979	6	3	3
2978	6	3	3
2977	6	3	3
2976	6	3	3
2975	6	3	3
2974	6	3	3
2973	6	3	3
2972	6	3	3
2971	6	3	3
2970	6	3	3
2969	6	3	3
2968	6	3	3
2967	6	3	3
2966	6	3	3
2965	6	3	3
2964	6	3	3
2963	6	3	3
2962	6	3	3
2961	6	3	3
2960	6	3	3
2959	6	3	3
2958	6	3	3
2957	6	3	3
2956	6	3	3
2955	6	3	3
2954	6	3	3
2953	6	3	3
2952	6	3	3
2951	6	3	3
2950	6	3	3
2949	6	3	3
2948	6	3	3
2947	6	3	3
2946	6	3	3
2945	6	3	3
2944	6	3	3
2943	6	3	3
2942	6	3	3
2941	6	3	3
2940	6	3	3
2939	6	3	3
2938	6	3	3
2937	6	3	3
2936	6	3	3
2935	6	3	3
2934	6	3	3
2933	6	3	3
2932	6	3	3
2931	6	3	3
2930	6	3	3
2929	6	3	3
2928	6	3	3
2927	6	3	3
2926	6	3	3
2925	6	3	3
2924	6	3	3
2923	6	3	3
2922	6	3	3
2921	6	3	3
2920	6	3	3
2919	6	3	3
2918	6	3	3
2917	6	3	3
2916	6	3	3
2915	6	3	3
2914	6	3	3
2913	6	3	3
2912	6	3	3
2911	6	3	3
2910	6	3	3
2909	6	3	3
2908	6	3	3
2907	6	3	3
2906	6	3	3
2905	6	3	3
2904	6	3	3
2903	6	3	3
2902	6	3	3
2901	6	3	3
2900	6	3	3
2899	6	3	3
2898	6	3	3
2897	6	3	3
2896	6	3	3
2895	6	3	3
2894	6	3	3
2893	6	3	3
2892	6	3	3
2891	6	3	3
2890	6	3	3
2889	6	3	3
2888	6	3	3
2887	6	3	3
2886	6	3	3
2885	6	3	3
2884	6	3	3
2883	6	3	3
2882	6	3	3
2881	6	3	3
2880	6	3	3
2879	6	3	3
2878	6	3	3
2877	6	3	3
2876	6	3	3
2875	6	3	3
2874	6	3	3
2873	6	3	3
2872	6	3	3
2871	6	3	3
2870	6	3	3
2869	6	3	3
2868	6	3	3
2867	6	3	3
2866	6	3	3
2865	6	3	3
2864	6	3	3
2863	6	3	3
2862	6	3	3
2861	6	3	3
2860	6	3	3
2859	6	3	3
2858	6	3	3
2857	6	3	3
2856	6	3	3
2855	6	3	3
2854	6	3	3
2853	6	3	3
2852	6	3	3
2851	6	3	3
2850	6	3	3
2849	6	3	3
2848	6	3	3
2847	6	3	3
2846	6	3	3
2845	6	3	3
2844	6	3	3
2843	6	3	3
2842	6	3	3
2841	6	3	3
2840	6	3	3
2839	6	3	3
2838	6	3	3
2837	6	3	3
2836	6	3	3
2835	6	3	3
2834	6	3	3
2833	6	3	3
2832	6	3	3
2831	6	3	3
2830	6	3	3
2829	6	3	3
2828	6	3	3
2827	6	3	3
2826	6	3	3
2825	6	3	3
2824	6	3	3
2823	6	3	3
2822	6	3	3
2821	6	3	3
2820	6	3	3
2819	6	3	3
2818	6	3	3
2817	6	3	3
2816	6	3	3
2815	6	3	3
2814	6	3	3
2813	6	3	3
2812	5	3	3
2811	5	3	3
2810	5	3	3
2809	5	3	3
2808	5	3	3
2807	5	3	3
2806	5	3	3
2805	5	3	3
2804	5	3	3
2803	5	3	3
2802	5	3	3
2801	5	3	3
2800	5	3	3
2799	5	3	3
2798	5	3	3
2797	5	3	3
2796	5	3	3
2795	5	3	3
2794	5	3	3
2793	5	3	3
2792	5	2	3
2791	5	2	3
2790	5	2	3
2789	5	2	3
2788	5	2	3
2787	5	2	3
2786	5	2	3
2785	5	2	3
2784	5	2	3
2783	5	2	3
2782	5	2	3
2781	5	2	3
2780	5	2	3
2779	5	2	3
2778	5	2	3
2777	5	2	3
2776	5	2	3
2775	5	2	3
2774	5	2	3
2773	5	2	3
2772	5	2	3
2771	5	2	3
2770	5	2	3
2769	5	2	3
2768	5	2	3
2767	5	2	3
2766	5	2	3
2765	5	2	3
2764	5	2	3
2763	5	2	3
2762	5	2	3
2761	5	2	3
2760	5	2	3
2759	5	2	3
2758	5	2	3
2757	5	2	3
2756	5	2	3
2755	5	2	3
2754	5	2	3
2753	5	2	3
2752	5	2	3
2751	5	2	3
2750	5	2	3
2749	5	2	3
2748	5	2	3
2747	5	2	3
2746	5	2	3
2745	5	2	3
2744	5	2	3
2743	5	2	3
2742	5	2	3
2741	5	2	3
2740	5	2	3
2739	5	2	3
2738	5	2	3
2737	5	2	3
2736	5	2	3
2735	5	2	3
2734	5	2	3
2733	5	2	3
2732	5	2	2
2731	5	2	2
2730	5	2	2
2729	5	2	2
2728	5	2	2
2727	5	2	2
2726	5	2	2
2725	5	2	2
2724	5	2	2
2723	5	2	2
2722	5	2	2
2721	5	2	2
2720	5	2	2
2719	5	2	2
2718	5	2	2
2717	5	2	2
2716	5	2	2
2715	5	2	2
2714	5	2	2
2713	5	2	2
2712	5	2	2
2711	5	2	2
2710	5	2	2
2709	5	2	2
2708	5	2	2
2707	5	2	2
2706	5	2	2
2705	5	2	2
2704	5	2	2
2703	5	2	2
2702	5	2	2
2701	5	2	2
2700	5	2	2
2699	5	2	2
2698	5	2	2
2697	5	2	2
2696	5	2	2
2695	5	2	2
2694	5	2	2
2693	5	2	2
2692	5	2	2
2691	5	2	2
2690	5	2	2
2689	5	2	2
2688	5	2	2
2687	5	2	2
2686	5	2	2
2685	5	2	2
2684	5	2	2
2683	5	2	2
2682	5	2	2
2681	5	2	2
2680	5	2	2
2679	5	2	2
2678	5	2	2
2677	5	2	2
2676	5	2	2
2675	5	2	2
2674	5	2	2
2673	5	2	2
2672	5	2	2
2671	5	2	2
2670	5	2	2
2669	5	2	2
2668	5	2	2
2667	5	2	2
2666	5	2	2
2665	5	2	2
2664	5	2	2
2663	5	2	2
2662	5	2	2
2661	5	2	2
2660	5	2	2
2659	5	2	2
2658	5	2	2
2657	5	2	2
2656	5	2	2
2655	5	2	2
2654	5	2	2
2653	5	2	2
2652	5	2	2
2651	5	2	2
2650	5	2	2
2649	5	2	2
2648	5	2	2
2647	5	2	2
2646	5	2	2
2645	5	2	2
2644	5	2	2
2643	5	2	2
2642	5	2	2
2641	5	2	2
2640	5	2	2
2639	5	2	2
2638	5	2	2
2637	5	2	2
2636	5	2	2
2635	5	2	2
2634	5	2	2
2633	5	2	2
2632	5	2	2
2631	5	2	2
2630	5	2	2
2629	5	2	2
2628	5	2	2
2627	5	2	2
2626	5	2	2
2625	5	2	2
2624	5	2	2
2623	5	2	2
2622	5	2	2
2621	5	2	2
2620	5	2	2
2619	5	2	2
2618	5	2	2
2617	5	2	2
2616	5	2	2
2615	5	2	2
2614	5	2	2
2613	5	2	2
2612	5	2	2
2611	5	2	2
2610	5	2	2
2609	5	2	2
2608	5	2	2
2607	5	2	2
2606	5	2	2
2605	5	2	2
2604	5	2	2
2603	5	2	2
2602	5	2	2
2601	5	2	2
2600	5	2	2
2599	5	2	2
2598	5	2	2
2597	5	2	2
2596	5	2	2
2595	5	2	2
2594	5	2	2
2593	5	2	2
2592	5	2	2
2591	5	2	2
2590	5	2	2
2589	5	2	2
2588	5	2	2
2587	5	2	2
2586	5	2	2
2585	5	2	2
2584	5	2	2
2583	5	2	2
2582	5	2	2
2581	5	2	2
2580	5	2	2
2579	5	2	2
2578	5	2	2
2577	5	2	2
2576	5	2	2
2575	5	2	2
2574	5	2	2
2573	5	2	2
2572	5	2	2
2571	5	2	2
2570	5	2	2
2569	5	2	2
2568	5	2	2
2567	5	2	2
2566	5	2	2
2565	5	2	2
2564	5	2	2
2563	5	2	2
2562	5	2	2
2561	5	2	2
2560	5	2	2
2559	5	2	2
2558	5	2	2
2557	5	2	2
2556	5	2	2
2555	5	2	2
2554	5	2	2
2553	5	2	2
2552	5	2	2
2551	5	2	2
2550	5	2	2
2549	5	2	2
2548	5	2	2
2547	5	2	2
2546	5	2	2
2545	5	2	2
2544	5	2	2
2543	5	2	2
2542	5	2	2
2541	5	2	2
2540	5	2	2
2539	5	2	2
2538	5	2	2
2537	5	2	2
2536	5	2	2
2535	5	2	2
2534	5	2	2
2533	5	2	2
2532	5	2	2
2531	5	2	2
2530	5	2	2
2529	5	2	2
2528	5	2	2
2527	5	2	2
2526	5	2	2
2525	5	2	2
2524	5	2	2
2523	5	2	2
2522	5	2	2
2521	5	2	2
2520	5	2	2
2519	5	2	2
2518	5	2	2
2517	5	2	2
2516	5	2	2
2515	5	2	2
2514	5	2	2
2513	5	2	2
2512	5	2	2
2511	5	2	2
2510	5	2	2
2509	5	2	2
2508	5	2	2
2507	5	2	2
2506	5	2	2
2505	5	2	2
2504	5	2	2
2503	5	2	2
2502	5	2	2
2501	5	2	2
2500	5	2	2
2499	5	2	2
2498	5	2	2
2497	5	2	2
2496	5	2	2
2495	5	2	2
2494	5	2	2
2493	5	2	2
2492	5	2	2
2491	5	2	2
2490	5	2	2
2489	5	2	2
2488	5	2	2
2487	5	2	2
2486	5	2	2
2485	5	2	2
2484	5	2	2
2483	5	2	2
2482	5	2	2
2481	5	2	2
2480	5	2	2
2479	5	2	2
2478	5	2	2
2477	5	2	2
2476	5	2	2
2475	5	2	2
2474	5	2	2
2473	5	2	2
2472	5	2	2
2471	5	2	2
2470	5	2	2
2469	5	2	2
2468	5	2	2
2467	5	2	2
2466	5	2	2
2465	5	2	2
2464	5	2	2
2463	5	2	2
2462	5	2	2
2461	5	2	2
2460	5	2	2
2459	5	2	2
2458	5	2	2
2457	5	2	2
2456	5	2	2
2455	5	2	2
2454	5	2	2
2453	5	2	2
2452	5	2	2
2451	5	2	2
2450	5	2	2
2449	5	2	2
2448	5	2	2
2447	5	2	2
2446	5	2	2
2445	5	2	2
2444	5	2	2
2443	5	2	2
2442	5	2	2
2441	5	2	2
2440	5	2	2
2439	5	2	2
2438	5	2	2
2437	5	2	2
2436	5	2	2
2435	5	2	2
2434	5	2	2
2433	5	2	2
2432	5	2	2
2431	5	2	2
2430	5	2	2
2429	5	2	2
2428	5	2	2
2427	5	2	2
2426	5	2	2
2425	5	2	2
2424	5	2	2
2423	5	2	2
2422	5	2	2
2421	5	2	2
2420	5	2	2
2419	5	2	2
2418	5	2	2
2417	5	2	2
2416	5	2	2
2415	5	2	2
2414	5	2	2
2413	5	2	2
2412	5	2	2
2411	5	2	2
2410	5	2	2
2409	5	2	2
2408	5	2	2
2407	5	2	2
2406	5	2	2
2405	5	2	2
2404	5	2	2
2403	5	2	2
2402	5	2	2
2401	5	2	2
2400	5	2	2
2399	5	2	2
2398	5	2	2
2397	5	2	2
2396	5	2	2
2395	5	2	2
2394	5	2	2
2393	5	2	2
2392	5	2	2
2391	5	2	2
2390	5	2	2
2389	5	2	2
2388	5	2	2
2387	5	2	2
2386	5	2	2
2385	5	2	2
2384	5	2	2
2383	5	2	2
2382	5	2	2
2381	5	2	2
2380	5	2	2
2379	5	2	2
2378	5	2	2
2377	5	2	2
2376	5	2	2
2375	5	2	2
2374	5	2	2
2373	5	2	2
2372	5	2	2
2371	5	2	2
2370	5	2	2
2369	5	2	2
2368	5	2	2
2367	5	2	2
2366	5	2	2
2365	5	2	2
2364	5	2	2
2363	5	2	2
2362	5	2	2
2361	5	2	2
2360	5	2	2
2359	5	2	2
2358	5	2	2
2357	5	2	2
2356	5	2	2
2355	5	2	2
2354	5	2	2
2353	5	2	2
2352	5	2	2
2351	5	2	2
2350	5	2	2
2349	5	2	2
2348	5	2	2
2347	5	2	2
2346	5	2	2
2345	5	2	2
2344	5	2	2
2343	5	2	2
2342	5	2	2
2341	5	2	2
2340	5	2	2
2339	5	2	2
2338	5	2	2
2337	5	2	2
2336	5	2	2
2335	5	2	2
2334	5	2	2
2333	5	2	2
2332	4	2	2
2331	4	2	2
2330	4	2	2
2329	4	2	2
2328	4	2	2
2327	4	2	2
2326	4	2	2
2325	4	2	2
2324	4	2	2
2323	4	2	2
2322	4	2	2
2321	4	2	2
2320	4	2	2
2319	4	2	2
2318	4	2	2
2317	4	2	2
2316	4	2	2
2315	4	2	2
2314	4	2	2
2313	4	2	2
2312	4	2	2
2311	4	2	2
2310	4	2	2
2309	4	2	2
2308	4	2	2
2307	4	2	2
2306	4	2	2
2305	4	2	2
2304	4	2	2
2303	4	2	2
2302	4	2	2
2301	4	2	2
2300	4	2	2
2299	4	2	2
2298	4	2	2
2297	4	2	2
2296	4	2	2
2295	4	2	2
2294	4	2	2
2293	4	2	2
2292	4	2	2
2291	4	2	2
2290	4	2	2
2289	4	2	2
2288	4	2	2
2287	4	2	2
2286	4	2	2
2285	4	2	2
2284	4	2	2
2283	4	2	2
2282	4	2	2
2281	4	2	2
2280	4	2	2
2279	4	2	2
2278	4	2	2
2277	4	2	2
2276	4	2	2
2275	4	2	2
2274	4	2	2
2273	4	2	2
2272	4	2	2
2271	4	2	2
2270	4	2	2
2269	4	2	2
2268	4	2	2
2267	4	2	2
2266	4	2	2
2265	4	2	2
2264	4	2	2
2263	4	2	2
2262	4	2	2
2261	4	2	2
2260	4	2	2
2259	4	2	2
2258	4	2	2
2257	4	2	2
2256	4	2	2
2255	4	2	2
2254	4	2	2
2253	4	2	2
2252	4	2	2
2251	4	2	2
2250	4	2	2
2249	4	2	2
2248	4	2	2
2247	4	2	2
2246	4	2	2
2245	4	2	2
2244	4	2	2
2243	4	2	2
2242	4	2	2
2241	4	2	2
2240	4	2	2
2239	4	2	2
2238	4	2	2
2237	4	2	2
2236	4	2	2
2235	4	2	2
2234	4	2	2
2233	4	2	2
2232	4	2	2
2231	4	2	2
2230	4	2	2
2229	4	2	2
2228	4	2	2
2227	4	2	2
2226	4	2	2
2225	4	2	2
2224	4	2	2
2223	4	2	2
2222	4	2	2
2221	4	2	2
2220	4	2	2
2219	4	2	2
2218	4	2	2
2217	4	2	2
2216	4	2	2
2215	4	2	2
2214	4	2	2
2213	4	2	2
2212	4	2	2
2211	4	2	2
2210	4	2	2
2209	4	2	2
2208	4	2	2
2207	4	2	2
2206	4	2	2
2205	4	2	2
2204	4	2	2
2203	4	2	2
2202	4	2	2
2201	4	2	2
2200	4	2	2
2199	4	2	2
2198	4	2	2
2197	4	2	2
2196	4	2	2
2195	4	2	2
2194	4	2	2
2193	4	2	2
2192	4	2	2
2191	4	2	2
2190	4	2	2
2189	4	2	2
2188	4	2	2
2187	4	2	2
2186	4	2	2
2185	4	2	2
2184	4	2	2
2183	4	2	2
2182	4	2	2
2181	4	2	2
2180	4	2	2
2179	4	2	2
2178	4	2	2
2177	4	2	2
2176	4	2	2
2175	4	2	2
2174	4	2	2
2173	4	2	2
2172	4	2	2
2171	4	2	2
2170	4	2	2
2169	4	2	2
2168	4	2	2
2167	4	2	2
2166	4	2	2
2165	4	2	2
2164	4	2	2
2163	4	2	2
2162	4	2	2
2161	4	2	2
2160	4	2	2
2159	4	2	2
2158	4	2	2
2157	4	2	2
2156	4	2	2
2155	4	2	2
2154	4	2	2
2153	4	2	2
2152	4	2	2
2151	4	2	2
2150	4	2	2
2149	4	2	2
2148	4	2	2
2147	4	2	2
2146	4	2	2
2145	4	2	2
2144	4	2	2
2143	4	2	2
2142	4	2	2
2141	4	2	2
2140	4	2	2
2139	4	2	2
2138	4	2	2
2137	4	2	2
2136	4	2	2
2135	4	2	2
2134	4	2	2
2133	4	2	2
2132	4	2	2
2131	4	2	2
2130	4	2	2
2129	4	2	2
2128	4	2	2
2127	4	2	2
2126	4	2	2
2125	4	2	2
2124	4	2	2
2123	4	2	2
2122	4	2	2
2121	4	2	2
2120	4	2	2
2119	4	2	2
2118	4	2	2
2117	4	2	2
2116	4	2	2
2115	4	2	2
2114	4	2	2
2113	4	2	2
2112	4	2	2
2111	4	2	2
2110	4	2	2
2109	4	2	2
2108	4	2	2
2107	4	2	2
2106	4	2	2
2105	4	2	2
2104	4	2	2
2103	4	2	2
2102	4	2	2
2101	4	2	2
2100	4	2	2
2099	4	2	2
2098	4	2	2
2097	4	2	2
2096	4	2	2
2095	4	2	2
2094	4	2	2
2093	4	2	2
2092	4	2	2
2091	4	2	2
2090	4	2	2
2089	4	2	2
2088	4	2	2
2087	4	2	2
2086	4	2	2
2085	4	2	2
2084	4	2	2
2083	4	2	2
2082	4	2	2
2081	4	2	2
2080	4	2	2
2079	4	2	2
2078	4	2	2
2077	4	2	2
2076	4	2	2
2075	4	2	2
2074	4	2	2
2073	4	2	2
2072	4	2	2
2071	4	2	2
2070	4	2	2
2069	4	2	2
2068	4	2	2
2067	4	2	2
2066	4	2	2
2065	4	2	2
2064	4	2	2
2063	4	2	2
2062	4	2	2
2061	4	2	2
2060	4	2	2
2059	4	2	2
2058	4	2	2
2057	4	2	2
2056	4	2	2
2055	4	2	2
2054	4	2	2
2053	4	2	2
2052	4	2	2
2051	4	2	2
2050	4	2	2
2049	4	2	2
2048	4	2	2
2047	4	2	2
2046	4	2	2
2045	4	2	2
2044	4	2	2
2043	4	2	2
2042	4	2	2
2041	4	2	2
2040	4	2	2
2039	4	2	2
2038	4	2	2
2037	4	2	2
2036	4	2	2
2035	4	2	2
2034	4	2	2
2033	4	2	2
2032	4	2	2
2031	4	2	2
2030	4	2	2
2029	4	2	2
2028	4	2	2
2027	4	2	2
2026	4	2	2
2025	4	2	2
2024	4	2	2
2023	4	2	2
2022	4	2	2
2021	4	2	2
2020	4	2	2
2019	4	2	2
2018	4	2	2
2017	4	2	2
2016	4	2	2
2015	4	2	2
2014	4	2	2
2013	4	2	2
2012	4	2	2
2011	4	2	2
2010	4	2	2
2009	4	2	2
2008	4	2	2
2007	4	2	2
2006	4	2	2
2005	4	2	2
2004	4	2	2
2003	4	2	2
2002	4	2	2
2001	4	2	2
2000	4	2	2
1999	4	2	2
1998	4	2	2
1997	4	2	2
1996	4	2	2
1995	4	2	2
1994	4	2	2
1993	4	2	2
1992	4	2	2
1991	4	2	2
1990	4	2	2
1989	4	2	2
1988	4	2	2
1987	4	2	2
1986	4	2	2
1985	4	2	2
1984	4	2	2
1983	4	2	2
1982	4	2	2
1981	4	2	2
1980	4	2	2
1979	4	2	2
1978	4	2	2
1977	4	2	2
1976	4	2	2
1975	4	2	2
1974	4	2	2
1973	4	2	2
1972	4	2	2
1971	4	2	2
1970	4	2	2
1969	4	2	2
1968	4	2	2
1967	4	2	2
1966	4	2	2
1965	4	2	2
1964	4	2	2
1963	4	2	2
1962	4	2	2
1961	4	2	2
1960	4	2	2
1959	4	2	2
1958	4	2	2
1957	4	2	2
1956	4	2	2
1955	4	2	2
1954	4	2	2
1953	4	2	2
1952	4	2	2
1951	4	2	2
1950	4	2	2
1949	4	2	2
1948	4	2	2
1947	4	2	2
1946	4	2	2
1945	4	2	2
1944	4	2	2
1943	4	2	2
1942	4	2	2
1941	4	2	2
1940	4	2	2
1939	4	2	2
1938	4	2	2
1937	4	2	2
1936	4	2	2
1935	4	2	2
1934	4	2	2
1933	4	2	2
1932	4	2	2
1931	4	2	2
1930	4	2	2
1929	4	2	2
1928	4	2	2
1927	4	2	2
1926	4	2	2
1925	4	2	2
1924	4	2	2
1923	4	2	2
1922	4	2	2
1921	4	2	2
1920	4	2	2
1919	4	2	2
1918	4	2	2
1917	4	2	2
1916	4	2	2
1915	4	2	2
1914	4	2	2
1913	4	2	2
1912	4	2	2
1911	4	2	2
1910	4	2	2
1909	4	2	2
1908	4	2	2
1907	4	2	2
1906	4	2	2
1905	4	2	2
1904	4	2	2
1903	4	2	2
1902	4	2	2
1901	4	2	2
1900	4	2	2
1899	4	2	2
1898	4	2	2
1897	4	2	2
1896	4	2	2
1895	4	2	2
1894	4	2	2
1893	4	2	2
1892	4	2	2
1891	4	2	2
1890	4	2	2
1889	4	2	2
1888	4	2	2
1887	4	2	2
1886	4	2	2
1885	4	2	2
1884	4	2	2
1883	4	2	2
1882	4	2	2
1881	4	2	2
1880	4	2	2
1879	4	2	2
1878	4	2	2
1877	4	2	2
1876	4	2	2
1875	4	2	2
1874	4	2	2
1873	4	2	2
1872	4	2	2
1871	4	2	2
1870	4	2	2
1869	4	2	2
1868	4	2	2
1867	4	2	2
1866	4	2	2
1865	4	2	2
1864	4	2	2
1863	4	2	2
1862	4	2	2
1861	4	2	2
1860	4	2	2
1859	4	2	2
1858	4	2	2
1857	4	2	2
1856	4	2	2
1855	4	2	2
1854	4	2	2
1853	4	2	2
1852	4	2	2
1851	4	2	2
1850	4	2	2
1849	4	2	2
1848	4	2	2
1847	4	2	2
1846	4	2	2
1845	4	2	2
1844	4	2	2
1843	4	2	2
1842	4	2	2
1841	4	2	2
1840	4	2	2
1839	4	2	2
1838	4	2	2
1837	4	2	2
1836	4	2	2
1835	4	2	2
1834	4	2	2
1833	4	2	2
1832	4	2	2
1831	4	2	2
1830	4	2	2
1829	4	2	2
1828	4	2	2
1827	4	2	2
1826	4	2	2
1825	4	2	2
1824	4	2	2
1823	4	2	2
1822	4	2	2
1821	4	2	2
1820	4	2	2
1819	4	2	2
1818	4	2	2
1817	4	2	2
1816	4	2	2
1815	4	2	2
1814	4	2	2
1813	4	2	2
1812	4	2	2
1811	4	2	2
1810	4	2	2
1809	4	2	2
1808	4	2	2
1807	4	2	2
1806	4	2	2
1805	4	2	2
1804	4	2	2
1803	4	2	2
1802	4	2	2
1801	4	2	2
1800	4	2	2
1799	4	2	2
1798	4	2	2
1797	4	2	2
1796	4	2	2
1795	4	2	2
1794	4	2	2
1793	4	2	2
1792	4	2	2
1791	4	2	2
1790	4	2	2
1789	4	2	2
1788	4	2	2
1787	4	2	2
1786	4	2	2
1785	4	2	2
1784	4	2	2
1783	4	2	2
1782	4	2	2
1781	4	2	2
1780	4	2	2
1779	4	1	2
1778	4	1	2
1777	4	1	2
1776	4	1	2
1775	4	1	2
1774	4	1	2
1773	4	1	2
1772	4	1	2
1771	4	1	2
1770	4	1	2
1769	4	1	2
1768	4	1	2
1767	4	1	2
1766	4	1	2
1765	4	1	2
1764	4	1	2
1763	4	1	2
1762	4	1	2
1761	4	1	2
1760	4	1	2
1759	4	1	2
1758	4	1	2
1757	4	1	2
1756	4	1	2
1755	4	1	2
1754	4	1	2
1753	4	1	2
1752	4	1	2
1751	4	1	2
1750	4	1	2
1749	4	1	2
1748	4	1	2
1747	4	1	2
1746	4	1	2
1745	4	1	2
1744	4	1	2
1743	4	1	2
1742	4	1	2
1741	4	1	2
1740	4	1	2
1739	4	1	2
1738	4	1	2
1737	4	1	2
1736	4	1	2
1735	4	1	2
1734	4	1	2
1733	4	1	2
1732	4	1	2
1731	4	1	2
1730	4	1	2
1729	4	1	2
1728	4	1	2
1727	4	1	2
1726	4	1	2
1725	4	1	2
1724	4	1	2
1723	4	1	2
1722	4	1	2
1721	4	1	2
1720	4	1	2
1719	4	1	2
1718	4	1	2
1717	4	1	2
1716	4	1	2
1715	4	1	2
1714	4	1	2
1713	4	1	2
1712	4	1	2
1711	4	1	2
1710	4	1	2
1709	4	1	2
1708	4	1	2
1707	4	1	2
1706	4	1	2
1705	4	1	2
1704	4	1	1
1703	4	1	1
1702	4	1	1
1701	4	1	1
1700	4	1	1
1699	4	1	1
1698	4	1	1
1697	4	1	1
1696	4	1	1
1695	4	1	1
1694	4	1	1
1693	4	1	1
1692	4	1	1
1691	4	1	1
1690	4	1	1
1689	4	1	1
1688	4	1	1
1687	4	1	1
1686	4	1	1
1685	4	1	1
1684	4	1	1
1683	4	1	1
1682	4	1	1
1681	4	1	1
1680	4	1	1
1679	3	1	1
1678	3	1	1
1677	3	1	1
1676	3	1	1
1675	3	1	1
1674	3	1	1
1673	3	1	1
1672	3	1	1
1671	3	1	1
1670	3	1	1
1669	3	1	1
1668	3	1	1
1667	3	1	1
1666	3	1	1
1665	3	1	1
1664	3	1	1
1663	3	1	1
1662	3	1	1
1661	3	1	1
1660	3	1	1
1659	3	1	1
1658	3	1	1
1657	3	1	1
1656	3	1	1
1655	3	1	1
1654	3	1	1
1653	3	1	1
1652	3	1	1
1651	3	1	1
1650	3	1	1
1649	3	1	1
1648	3	1	1
1647	3	1	1
1646	3	1	1
1645	3	1	1
1644	3	1	1
1643	3	1	1
1642	3	1	1
1641	3	1	1
1640	3	1	1
1639	3	1	1
1638	3	1	1
1637	3	1	1
1636	3	1	1
1635	3	1	1
1634	3	1	1
1633	3	1	1
1632	3	1	1
1631	3	1	1
1630	3	1	1
1629	3	1	1
1628	3	1	1
1627	3	1	1
1626	3	1	1
1625	3	1	1
1624	3	1	1
1623	3	1	1
1622	3	1	1
1621	3	1	1
1620	3	1	1
1619	3	1	1
1618	3	1	1
1617	3	1	1
1616	3	1	1
1615	3	1	1
1614	3	1	1
1613	3	1	1
1612	3	1	1
1611	3	1	1
1610	3	1	1
1609	3	1	1
1608	3	1	1
1607	3	1	1
1606	3	1	1
1605	3	1	1
1604	3	1	1
1603	3	1	1
1602	3	1	1
1601	3	1	1
1600	3	1	1
1599	3	1	1
1598	3	1	1
1597	3	1	1
1596	3	1	1
1595	3	1	1
1594	3	1	1
1593	3	1	1
1592	3	1	1
1591	3	1	1
1590	3	1	1
1589	3	1	1
1588	3	1	1
1587	3	1	1
1586	3	1	1
1585	3	1	1
1584	3	1	1
1583	3	1	1
1582	3	1	1
1581	3	1	1
1580	3	1	1
1579	3	1	1
1578	3	1	1
1577	3	1	1
1576	3	1	1
1575	3	1	1
1574	3	1	1
1573	3	1	1
1572	3	1	1
1571	3	1	1
1570	3	1	1
1569	3	1	1
1568	3	1	1
1567	3	1	1
1566	3	1	1
1565	3	1	1
1564	3	1	1
1563	3	1	1
1562	3	1	1
1561	3	1	1
1560	3	1	1
1559	3	1	1
1558	3	1	1
1557	3	1	1
1556	3	1	1
1555	3	1	1
1554	3	1	1
1553	3	1	1
1552	3	1	1
1551	3	1	1
1550	3	1	1
1549	3	1	1
1548	3	1	1
1547	3	1	1
1546	3	1	1
1545	3	1	1
1544	3	1	1
1543	3	1	1
1542	3	1	1
1541	3	1	1
1540	3	1	1
1539	3	1	1
1538	3	1	1
1537	3	1	1
1536	3	1	1
1535	3	1	1
1534	3	1	1
1533	3	1	1
1532	3	1	1
1531	3	1	1
1530	3	1	1
1529	3	1	1
1528	3	1	1
1527	3	1	1
1526	3	1	1
1525	3	1	1
1524	3	1	1
1523	3	1	1
1522	3	1	1
1521	3	1	1
1520	3	1	1
1519	3	1	1
1518	3	1	1
1517	3	1	1
1516	3	1	1
1515	3	1	1
1514	3	1	1
1513	3	1	1
1512	3	1	1
1511	3	1	1
1510	3	1	1
1509	3	1	1
1508	3	1	1
1507	3	1	1
1506	3	1	1
1505	3	1	1
1504	3	1	1
1503	3	1	1
1502	3	1	1
1501	3	1	1
1500	3	1	1
1499	3	1	1
1498	3	1	1
1497	3	1	1
1496	3	1	1
1495	3	1	1
1494	3	1	1
1493	3	1	1
1492	3	1	1
1491	3	1	1
1490	3	1	1
1489	3	1	1
1488	3	1	1
1487	3	1	1
1486	3	1	1
1485	3	1	1
1484	3	1	1
1483	3	1	1
1482	3	1	1
1481	3	1	1
1480	3	1	1
1479	3	1	1
1478	3	1	1
1477	3	1	1
1476	3	1	1
1475	3	1	1
1474	3	1	1
1473	3	1	1
1472	3	1	1
1471	3	1	1
1470	3	1	1
1469	3	1	1
1468	3	1	1
1467	3	1	1
1466	3	1	1
1465	3	1	1
1464	3	1	1
1463	3	1	1
1462	3	1	1
1461	3	1	1
1460	3	1	1
1459	3	1	1
1458	3	1	1
1457	3	1	1
1456	3	1	1
1455	3	1	1
1454	3	1	1
1453	3	1	1
1452	3	1	1
1451	3	1	1
1450	3	1	1
1449	3	1	1
1448	3	1	1
1447	3	1	1
1446	3	1	1
1445	3	1	1
1444	3	1	1
1443	3	1	1
1442	3	1	1
1441	3	1	1
1440	3	1	1
1439	3	1	1
1438	3	1	1
1437	3	1	1
1436	3	1	1
1435	3	1	1
1434	3	1	1
1433	3	1	1
1432	3	1	1
1431	3	1	1
1430	3	1	1
1429	3	1	1
1428	3	1	1
1427	3	1	1
1426	3	1	1
1425	3	1	1
1424	3	1	1
1423	3	1	1
1422	3	1	1
1421	3	1	1
1420	3	1	1
1419	3	1	1
1418	3	1	1
1417	3	1	1
1416	3	1	1
1415	3	1	1
1414	3	1	1
1413	3	1	1
1412	3	1	1
1411	3	1	1
1410	3	1	1
1409	3	1	1
1408	3	1	1
1407	3	1	1
1406	3	1	1
1405	3	1	1
1404	3	1	1
1403	3	1	1
1402	3	1	1
1401	3	1	1
1400	3	1	1
1399	3	1	1
1398	3	1	1
1397	3	1	1
1396	3	1	1
1395	3	1	1
1394	3	1	1
1393	3	1	1
1392	3	1	1
1391	3	1	1
1390	3	1	1
1389	3	1	1
1388	3	1	1
1387	3	1	1
1386	3	1	1
1385	3	1	1
1384	3	1	1
1383	3	1	1
1382	3	1	1
1381	3	1	1
1380	3	1	1
1379	3	1	1
1378	3	1	1
1377	3	1	1
1376	3	1	1
1375	3	1	1
1374	3	1	1
1373	3	1	1
1372	3	1	1
1371	3	1	1
1370	3	1	1
1369	3	1	1
1368	3	1	1
1367	3	1	1
1366	3	1	1
1365	3	1	1
1364	3	1	1
1363	3	1	1
1362	3	1	1
1361	3	1	1
1360	3	1	1
1359	3	1	1
1358	3	1	1
1357	3	1	1
1356	3	1	1
1355	3	1	1
1354	3	1	1
1353	3	1	1
1352	3	1	1
1351	3	1	1
1350	3	1	1
1349	3	1	1
1348	3	1	1
1347	3	1	1
1346	3	1	1
1345	3	1	1
1344	3	1	1
1343	3	1	1
1342	3	1	1
1341	3	1	1
1340	3	1	1
1339	3	1	1
1338	3	1	1
1337	3	1	1
1336	3	1	1
1335	3	1	1
1334	3	1	1
1333	3	1	1
1332	3	1	1
1331	3	1	1
1330	3	1	1
1329	3	1	1
1328	3	1	1
1327	3	1	1
1326	3	1	1
1325	3	1	1
1324	3	1	1
1323	3	1	1
1322	3	1	1
1321	3	1	1
1320	3	1	1
1319	3	1	1
1318	3	1	1
1317	3	1	1
1316	3	1	1
1315	3	1	1
1314	3	1	1
1313	3	1	1
1312	3	1	1
1311	3	1	1
1310	3	1	1
1309	3	1	1
1308	3	1	1
1307	3	1	1
1306	3	1	1
1305	3	1	1
1304	3	1	1
1303	3	1	1
1302	3	1	1
1301	3	1	1
1300	3	1	1
1299	3	1	1
1298	3	1	1
1297	3	1	1
1296	3	1	1
1295	3	1	1
1294	3	1	1
1293	3	1	1
1292	3	1	1
1291	3	1	1
1290	3	1	1
1289	3	1	1
1288	3	1	1
1287	3	1	1
1286	3	1	1
1285	3	1	1
1284	3	1	1
1283	3	1	1
1282	3	1	1
1281	3	1	1
1280	3	1	1
1279	3	1	1
1278	3	1	1
1277	3	1	1
1276	3	1	1
1275	3	1	1
1274	3	1	1
1273	3	1	1
1272	3	1	1
1271	3	1	1
1270	3	1	1
1269	3	1	1
1268	3	1	1
1267	3	1	1
1266	3	1	1
1265	3	1	1
1264	3	1	1
1263	3	1	1
1262	3	1	1
1261	3	1	1
1260	3	1	1
1259	3	1	1
1258	3	1	1
1257	3	1	1
1256	3	1	1
1255	3	1	1
1254	3	1	1
1253	3	1	1
1252	3	1	1
1251	3	1	1
1250	3	1	1
1249	3	1	1
1248	3	1	1
1247	3	1	1
1246	3	1	1
1245	3	1	1
1244	3	1	1
1243	3	1	1
1242	3	1	1
1241	3	1	1
1240	3	1	1
1239	3	1	1
1238	3	1	1
1237	3	1	1
1236	3	1	1
1235	3	1	1
1234	3	1	1
1233	3	1	1
1232	3	1	1
1231	3	1	1
1230	3	1	1
1229	3	1	1
1228	3	1	1
1227	3	1	1
1226	3	1	1
1225	3	1	1
1224	3	1	1
1223	3	1	1
1222	3	1	1
1221	3	1	1
1220	3	1	1
1219	3	1	1
1218	3	1	1
1217	3	1	1
1216	3	1	1
1215	3	1	1
1214	3	1	1
1213	3	1	1
1212	3	1	1
1211	3	1	1
1210	3	1	1
1209	3	1	1
1208	3	1	1
1207	3	1	1
1206	3	1	1
1205	3	1	1
1204	3	1	1
1203	3	1	1
1202	3	1	1
1201	3	1	1
1200	3	1	1
1199	3	1	1
1198	3	1	1
1197	3	1	1
1196	3	1	1
1195	3	1	1
1194	3	1	1
1193	3	1	1
1192	3	1	1
1191	3	1	1
1190	3	1	1
1189	3	1	1
1188	3	1	1
1187	3	1	1
1186	3	1	1
1185	3	1	1
1184	3	1	1
1183	3	1	1
1182	3	1	1
1181	3	1	1
1180	3	1	1
1179	3	1	1
1178	3	1	1
1177	3	1	1
1176	3	1	1
1175	3	1	1
1174	3	1	1
1173	3	1	1
1172	3	1	1
1171	3	1	1
1170	3	1	1
1169	3	1	1
1168	3	1	1
1167	3	1	1
1166	3	1	1
1165	3	1	1
1164	3	1	1
1163	3	1	1
1162	3	1	1
1161	3	1	1
1160	3	1	1
1159	3	1	1
1158	3	1	1
1157	3	1	1
1156	3	1	1
1155	3	1	1
1154	3	1	1
1153	3	1	1
1152	3	1	1
1151	3	1	1
1150	3	1	1
1149	3	1	1
1148	3	1	1
1147	3	1	1
1146	3	1	1
1145	3	1	1
1144	3	1	1
1143	3	1	1
1142	3	1	1
1141	3	1	1
1140	3	1	1
1139	3	1	1
1138	3	1	1
1137	3	1	1
1136	3	1	1
1135	3	1	1
1134	3	1	1
1133	3	1	1
1132	3	1	1
1131	3	1	1
1130	3	1	1
1129	3	1	1
1128	3	1	1
1127	3	1	1
1126	3	1	1
1125	3	1	1
1124	3	1	1
1123	3	1	1
1122	3	1	1
1121	3	1	1
1120	3	1	1
1119	3	1	1
1118	3	1	1
1117	3	1	1
1116	3	1	1
1115	3	1	1
1114	3	1	1
1113	3	1	1
1112	3	1	1
1111	3	1	1
1110	3	1	1
1109	3	1	1
1108	3	1	1
1107	3	1	1
1106	3	1	1
1105	3	1	1
1104	3	1	1
1103	3	1	1
1102	3	1	1
1101	3	1	1
1100	3	1	1
1099	3	1	1
1098	3	1	1
1097	3	1	1
1096	3	1	1
1095	3	1	1
1094	3	1	1
1093	3	1	1
1092	3	1	1
1091	3	1	1
1090	3	1	1
1089	3	1	1
1088	3	1	1
1087	3	1	1
1086	3	1	1
1085	3	1	1
1084	3	1	1
1083	3	1	1
1082	3	1	1
1081	3	1	1
1080	3	1	1
1079	3	1	1
1078	3	1	1
1077	3	1	1
1076	3	1	1
1075	3	1	1
1074	3	1	1
1073	3	1	1
1072	3	1	1
1071	3	1	1
1070	3	1	1
1069	3	1	1
1068	3	1	1
1067	3	1	1
1066	3	1	1
1065	3	1	1
1064	3	1	1
1063	3	1	1
1062	3	1	1
1061	3	1	1
1060	3	1	1
1059	3	1	1
1058	3	1	1
1057	3	1	1
1056	3	1	1
1055	3	1	1
1054	3	1	1
1053	3	1	1
1052	3	1	1
1051	3	1	1
1050	3	1	1
1049	3	1	1
1048	3	1	1
1047	3	1	1
1046	3	1	1
1045	3	1	1
1044	3	1	1
1043	3	1	1
1042	3	1	1
1041	3	1	1
1040	3	1	1
1039	3	1	1
1038	3	1	1
1037	3	1	1
1036	3	1	1
1035	3	1	1
1034	3	1	1
1033	3	1	1
1032	3	1	1
1031	3	1	1
1030	3	1	1
1029	3	1	1
1028	3	1	1
1027	3	1	1
1026	3	1	1
1025	3	1	1
1024	3	1	1
1023	3	1	1
1022	3	1	1
1021	3	1	1
1020	3	1	1
1019	3	1	1
1018	3	1	1
1017	3	1	1
1016	3	1	1
1015	3	1	1
1014	3	1	1
1013	3	1	1
1012	3	1	1
1011	3	1	1
1010	3	1	1
1009	3	1	1
1008	3	1	1
1007	3	1	1
1006	3	1	1
1005	3	1	1
1004	3	1	1
1003	3	1	1
1002	3	1	1
1001	3	1	1
1000	3	1	1
999	3	1	1
998	3	1	1
997	3	1	1
996	3	1	1
995	3	1	1
994	3	1	1
993	3	1	1
992	3	1	1
991	3	1	1
990	3	1	1
989	3	1	1
988	3	1	1
987	3	1	1
986	3	1	1
985	3	1	1
984	3	1	1
983	3	1	1
982	3	1	1
981	3	1	1
980	3	1	1
979	3	1	1
978	3	1	1
977	3	1	1
976	3	1	1
975	3	1	1
974	3	1	1
973	3	1	1
972	3	1	1
971	3	1	1
970	3	1	1
969	3	1	1
968	2	1	1
967	2	1	1
966	2	1	1
965	2	1	1
964	2	1	1
963	2	1	1
962	2	1	1
961	2	1	1
960	2	1	1
959	2	1	1
958	2	1	1
957	2	1	1
956	2	1	1
955	2	1	1
954	2	1	1
953	2	1	1
952	2	1	1
951	2	1	1
950	2	1	1
949	2	1	1
948	2	1	1
947	2	1	1
946	2	1	1
945	2	1	1
944	2	1	1
943	2	1	1
942	2	1	1
941	2	1	1
940	2	1	1
939	2	1	1
938	2	1	1
937	2	1	1
936	2	1	1
935	2	1	1
934	2	1	1
933	2	1	1
932	2	1	1
931	2	1	1
930	2	1	1
929	2	1	1
928	2	1	1
927	2	1	1
926	2	1	1
925	2	1	1
924	2	1	1
923	2	1	1
922	2	1	1
921	2	1	1
920	2	1	1
919	2	1	1
918	2	1	1
917	2	1	1
916	2	1	1
915	2	1	1
914	2	1	1
913	2	1	1
912	2	1	1
911	2	1	1
910	2	1	1
909	2	1	1
908	2	1	1
907	2	1	1
906	2	1	1
905	2	1	1
904	2	1	1
903	2	1	1
902	2	1	1
901	2	1	1
900	2	1	1
899	2	1	1
898	2	1	1
897	2	1	1
896	2	1	1
895	2	1	1
894	2	1	1
893	2	1	1
892	2	1	1
891	2	1	1
890	2	1	1
889	2	1	1
888	2	1	1
887	2	1	1
886	2	1	1
885	2	1	1
884	2	1	1
883	2	1	1
882	2	1	1
881	2	1	1
880	2	1	1
879	2	1	1
878	2	1	1
877	2	1	1
876	2	1	1
875	2	1	1
874	2	1	1
873	2	1	1
872	2	1	1
871	2	1	1
870	2	1	1
869	2	1	1
868	2	1	1
867	2	1	1
866	2	1	1
865	2	1	1
864	2	1	1
863	2	1	1
862	2	1	1
861	2	1	1
860	2	1	1
859	2	1	1
858	2	1	1
857	2	1	1
856	2	1	1
855	2	1	1
854	2	1	1
853	2	1	1
852	2	1	1
851	2	1	1
850	2	1	1
849	2	1	1
848	2	1	1
847	2	1	1
846	2	1	1
845	2	1	1
844	2	1	1
843	2	1	1
842	2	1	1
841	2	1	1
840	2	1	1
839	2	1	1
838	2	1	1
837	2	1	1
836	2	1	1
835	2	1	1
834	2	1	1
833	2	1	1
832	2	1	1
831	2	1	1
830	2	1	1
829	2	1	1
828	2	1	1
827	2	1	1
826	2	1	1
825	2	1	1
824	2	1	1
823	2	1	1
822	2	1	1
821	2	1	1
820	2	1	1
819	2	1	1
818	2	1	1
817	2	1	1
816	2	1	1
815	2	1	1
814	2	1	1
813	2	1	1
812	2	1	1
811	2	1	1
810	2	1	1
809	2	1	1
808	2	1	1
807	2	1	1
806	2	1	1
805	2	1	1
804	2	1	1
803	2	1	1
802	2	1	1
801	2	1	1
800	2	1	1
799	2	1	1
798	2	1	1
797	2	1	1
796	2	1	1
795	2	1	1
794	2	1	1
793	2	1	1
792	2	1	1
791	2	1	1
790	2	1	1
789	2	1	1
788	2	1	1
787	2	1	1
786	2	1	1
785	2	1	1
784	2	1	1
783	2	1	1
782	2	1	1
781	2	1	1
780	2	1	1
779	2	1	1
778	2	1	1
777	2	1	1
776	2	1	1
775	2	1	1
774	2	1	1
773	2	1	1
772	2	1	1
771	2	1	1
770	2	1	1
769	2	1	1
768	2	1	1
767	2	1	1
766	2	1	1
765	2	1	1
764	2	1	1
763	2	1	1
762	2	1	1
761	2	1	1
760	2	1	1
759	2	1	1
758	2	1	1
757	2	1	1
756	2	1	1
755	2	1	1
754	2	1	1
753	2	1	1
752	2	1	1
751	2	1	1
750	2	1	1
749	2	1	1
748	2	1	1
747	2	1	1
746	2	1	1
745	2	1	1
744	2	1	1
743	2	1	1
742	2	1	1
741	2	1	1
740	2	1	1
739	2	1	1
738	2	1	1
737	2	1	1
736	2	1	1
735	2	1	1
734	2	1	1
733	2	1	1
732	2	1	1
731	2	1	1
730	2	1	1
729	2	1	1
728	2	1	1
727	2	1	1
726	2	1	1
725	2	1	1
724	2	1	1
723	2	1	1
722	2	1	1
721	2	1	1
720	2	1	1
719	2	1	1
718	2	1	1
717	2	1	1
716	2	1	1
715	2	1	1
714	2	1	1
713	2	1	1
712	2	1	1
711	2	1	1
710	2	1	1
709	2	1	1
708	2	1	1
707	2	1	1
706	2	1	1
705	2	1	1
704	2	1	1
703	2	1	1
702	2	1	1
701	2	1	1
700	2	1	1
699	2	1	1
698	2	1	1
697	2	1	1
696	2	1	1
695	2	1	1
694	2	1	1
693	2	1	1
692	2	1	1
691	2	1	1
690	2	1	1
689	2	1	1
688	2	1	1
687	2	1	1
686	2	1	1
685	2	1	1
684	2	1	1
683	2	1	1
682	2	1	1
681	2	1	1
680	2	1	1
679	2	1	1
678	2	1	1
677	2	1	1
676	2	1	1
675	2	1	1
674	2	1	1
673	2	0	1
672	2	0	1
671	2	0	1
670	2	0	1
669	2	0	1
668	2	0	1
667	2	0	1
666	2	0	1
665	2	0	1
664	2	0	1
663	2	0	1
662	2	0	1
661	2	0	1
660	2	0	1
659	2	0	1
658	2	0	1
657	2	0	1
656	2	0	1
655	2	0	1
654	2	0	1
653	2	0	1
652	2	0	1
651	2	0	1
650	2	0	1
649	2	0	1
648	2	0	1
647	2	0	1
646	2	0	1
645	2	0	1
644	2	0	1
643	2	0	1
642	2	0	1
641	2	0	1
640	2	0	1
639	2	0	1
638	2	0	1
637	2	0	1
636	2	0	1
635	2	0	1
634	2	0	1
633	2	0	1
632	2	0	1
631	2	0	1
630	2	0	1
629	2	0	1
628	2	0	1
627	2	0	0
626	2	0	0
625	2	0	0
624	2	0	0
623	2	0	0
622	2	0	0
621	2	0	0
620	2	0	0
619	2	0	0
618	2	0	0
617	2	0	0
616	2	0	0
615	2	0	0
614	2	0	0
613	2	0	0
612	2	0	0
611	2	0	0
610	2	0	0
609	2	0	0
608	2	0	0
607	2	0	0
606	2	0	0
605	2	0	0
604	2	0	0
603	2	0	0
602	2	0	0
601	2	0	0
600	2	0	0
599	2	0	0
598	2	0	0
597	2	0	0
596	2	0	0
595	2	0	0
594	2	0	0
593	2	0	0
592	2	0	0
591	2	0	0
590	2	0	0
589	2	0	0
588	2	0	0
587	2	0	0
586	2	0	0
585	2	0	0
584	2	0	0
583	2	0	0
582	2	0	0
581	2	0	0
580	2	0	0
579	2	0	0
578	2	0	0
577	2	0	0
576	2	0	0
575	2	0	0
574	2	0	0
573	2	0	0
572	2	0	0
571	2	0	0
570	2	0	0
569	2	0	0
568	2	0	0
567	2	0	0
566	2	0	0
565	2	0	0
564	2	0	0
563	2	0	0
562	2	0	0
561	2	0	0
560	2	0	0
559	2	0	0
558	2	0	0
557	2	0	0
556	2	0	0
555	2	0	0
554	2	0	0
553	2	0	0
552	2	0	0
551	2	0	0
550	2	0	0
549	2	0	0
548	2	0	0
547	2	0	0
546	2	0	0
545	2	0	0
544	2	0	0
543	2	0	0
542	2	0	0
541	2	0	0
540	2	0	0
539	2	0	0
538	2	0	0
537	2	0	0
536	2	0	0
535	2	0	0
534	2	0	0
533	2	0	0
532	2	0	0
531	2	0	0
530	2	0	0
529	2	0	0
528	2	0	0
527	2	0	0
526	2	0	0
525	2	0	0
524	2	0	0
523	2	0	0
522	2	0	0
521	2	0	0
520	2	0	0
519	2	0	0
518	2	0	0
517	2	0	0
516	2	0	0
515	2	0	0
514	2	0	0
513	2	0	0
512	2	0	0
511	2	0	0
510	2	0	0
509	2	0	0
508	2	0	0
507	2	0	0
506	2	0	0
505	2	0	0
504	2	0	0
503	2	0	0
502	2	0	0
501	2	0	0
500	2	0	0
499	2	0	0
498	2	0	0
497	2	0	0
496	2	0	0
495	2	0	0
494	2	0	0
493	2	0	0
492	2	0	0
491	2	0	0
490	2	0	0
489	2	0	0
488	2	0	0
487	2	0	0
486	2	0	0
485	2	0	0
484	2	0	0
483	2	0	0
482	2	0	0
481	2	0	0
480	2	0	0
479	2	0	0
478	2	0	0
477	2	0	0
476	2	0	0
475	2	0	0
474	2	0	0
473	2	0	0
472	2	0	0
471	2	0	0
470	2	0	0
469	2	0	0
468	2	0	0
467	2	0	0
466	2	0	0
465	2	0	0
464	2	0	0
463	2	0	0
462	2	0	0
461	2	0	0
460	2	0	0
459	2	0	0
458	2	0	0
457	2	0	0
456	2	0	0
455	2	0	0
454	2	0	0
453	2	0	0
452	2	0	0
451	2	0	0
450	2	0	0
449	2	0	0
448	2	0	0
447	2	0	0
446	2	0	0
445	2	0	0
444	2	0	0
443	2	0	0
442	2	0	0
441	2	0	0
440	2	0	0
439	2	0	0
438	2	0	0
437	2	0	0
436	2	0	0
435	2	0	0
434	2	0	0
433	2	0	0
432	2	0	0
431	2	0	0
430	2	0	0
429	2	0	0
428	2	0	0
427	2	0	0
426	2	0	0
425	2	0	0
424	2	0	0
423	2	0	0
422	2	0	0
421	2	0	0
420	2	0	0
419	2	0	0
418	2	0	0
417	2	0	0
416	2	0	0
415	2	0	0
414	2	0	0
413	2	0	0
412	2	0	0
411	2	0	0
410	2	0	0
409	2	0	0
408	2	0	0
407	2	0	0
406	2	0	0
405	2	0	0
404	2	0	0
403	2	0	0
402	2	0	0
401	2	0	0
400	2	0	0
399	2	0	0
398	1	0	0
397	1	0	0
396	1	0	0
395	1	0	0
394	1	0	0
393	1	0	0
392	1	0	0
391	1	0	0
390	1	0	0
389	1	0	0
388	1	0	0
387	1	0	0
386	1	0	0
385	1	0	0
384	1	0	0
383	1	0	0
382	1	0	0
381	1	0	0
380	1	0	0
379	1	0	0
378	1	0	0
377	1	0	0
376	1	0	0
375	1	0	0
374	1	0	0
373	1	0	0
372	1	0	0
371	1	0	0
370	1	0	0
369	1	0	0
368	1	0	0
367	1	0	0
366	1	0	0
365	1	0	0
364	1	0	0
363	1	0	0
362	1	0	0
361	1	0	0
360	1	0	0
359	1	0	0
358	1	0	0
357	1	0	0
356	1	0	0
355	1	0	0
354	1	0	0
353	1	0	0
352	1	0	0
351	1	0	0
350	1	0	0
349	1	0	0
348	1	0	0
347	1	0	0
346	1	0	0
345	1	0	0
344	1	0	0
343	1	0	0
342	1	0	0
341	1	0	0
340	1	0	0
339	1	0	0
338	1	0	0
337	1	0	0
336	1	0	0
335	1	0	0
334	1	0	0
333	1	0	0
332	1	0	0
331	1	0	0
330	1	0	0
329	1	0	0
328	1	0	0
327	1	0	0
326	1	0	0
325	1	0	0
324	1	0	0
323	1	0	0
322	1	0	0
321	1	0	0
320	1	0	0
319	1	0	0
318	1	0	0
317	1	0	0
316	1	0	0
315	1	0	0
314	1	0	0
313	1	0	0
312	1	0	0
311	1	0	0
310	1	0	0
309	1	0	0
308	1	0	0
307	1	0	0
306	1	0	0
305	1	0	0
304	1	0	0
303	1	0	0
302	1	0	0
301	1	0	0
300	1	0	0
299	1	0	0
298	1	0	0
297	1	0	0
296	1	0	0
295	1	0	0
294	1	0	0
293	1	0	0
292	1	0	0
291	1	0	0
290	1	0	0
289	1	0	0
288	1	0	0
287	1	0	0
286	1	0	0
285	1	0	0
284	1	0	0
283	1	0	0
282	1	0	0
281	1	0	0
280	1	0	0
279	1	0	0
278	1	0	0
277	1	0	0
276	1	0	0
275	1	0	0
274	1	0	0
273	1	0	0
272	1	0	0
271	1	0	0
270	1	0	0
269	1	0	0
268	1	0	0
267	1	0	0
266	1	0	0
265	1	0	0
264	1	0	0
263	1	0	0
262	1	0	0
261	1	0	0
260	1	0	0
259	1	0	0
258	1	0	0
257	1	0	0
256	1	0	0
255	1	0	0
254	1	0	0
253	1	0	0
252	1	0	0
251	1	0	0
250	1	0	0
249	1	0	0
248	1	0	0
247	1	0	0
246	1	0	0
245	1	0	0
244	1	0	0
243	1	0	0
242	1	0	0
241	1	0	0
240	1	0	0
239	1	0	0
238	1	0	0
237	1	0	0
236	1	0	0
235	1	0	0
234	1	0	0
233	1	0	0
232	1	0	0
231	1	0	0
230	1	0	0
229	1	0	0
228	1	0	0
227	1	0	0
226	1	0	0
225	1	0	0
224	1	0	0
223	1	0	0
222	1	0	0
221	1	0	0
220	1	0	0
219	1	0	0
218	1	0	0
217	1	0	0
216	1	0	0
215	1	0	0
214	1	0	0
213	1	0	0
212	1	0	0
211	1	0	0
210	1	0	0
209	1	0	0
208	1	0	0
207	1	0	0
206	1	0	0
205	1	0	0
204	1	0	0
203	1	0	0
202	1	0	0
201	1	0	0
200	1	0	0
199	1	0	0
198	1	0	0
197	1	0	0
196	1	0	0
195	1	0	0
194	1	0	0
193	1	0	0
192	1	0	0
191	1	0	0
190	1	0	0
189	1	0	0
188	1	0	0
187	1	0	0
186	1	0	0
185	1	0	0
184	1	0	0
183	1	0	0
182	1	0	0
181	1	0	0
180	1	0	0
179	1	0	0
178	1	0	0
177	1	0	0
176	1	0	0
175	1	0	0
174	1	0	0
173	1	0	0
172	1	0	0
171	1	0	0
170	1	0	0
169	1	0	0
168	1	0	0
167	1	0	0
166	1	0	0
165	1	0	0
164	1	0	0
163	1	0	0
162	1	0	0
161	1	0	0
160	1	0	0
159	1	0	0
158	1	0	0
157	1	0	0
156	1	0	0
155	1	0	0
154	1	0	0
153	1	0	0
152	1	0	0
151	1	0	0
150	1	0	0
149	1	0	0
148	1	0	0
147	1	0	0
146	1	0	0
145	1	0	0
144	1	0	0
143	1	0	0
142	1	0	0
141	1	0	0
140	1	0	0
139	1	0	0
138	1	0	0
137	1	0	0
136	1	0	0
135	1	0	0
134	1	0	0
133	1	0	0
132	1	0	0
131	1	0	0
130	1	0	0
129	1	0	0
128	1	0	0
127	1	0	0
126	1	0	0
125	1	0	0
124	1	0	0
123	1	0	0
122	1	0	0
121	1	0	0
120	1	0	0
119	1	0	0
118	1	0	0
117	1	0	0
116	1	0	0
115	1	0	0
114	1	0	0
113	1	0	0
112	1	0	0
111	1	0	0
110	1	0	0
109	1	0	0
108	1	0	0
107	1	0	0
106	1	0	0
105	1	0	0
104	1	0	0
103	0	0	0
102	0	0	0
101	0	0	0
100	0	0	0
99	0	0	0
98	0	0	0
97	0	0	0
96	0	0	0
95	0	0	0
94	0	0	0
93	0	0	0
92	0	0	0
91	0	0	0
90	0	0	0
89	0	0	0
88	0	0	0
87	0	0	0
86	0	0	0
85	0	0	0
84	0	0	0
83	0	0	0
82	0	0	0
81	0	0	0
80	0	0	0
79	0	0	0
78	0	0	0
77	0	0	0
76	0	0	0
75	0	0	0
74	0	0	0
73	0	0	0
72	0	0	0
71	0	0	0
70	0	0	0
69	0	0	0
68	0	0	0
67	0	0	0
66	0	0	0
65	0	0	0
64	0	0	0
63	0	0	0
62	0	0	0
61	0	0	0
60	0	0	0
59	0	0	0
58	0	0	0
57	0	0	0
56	0	0	0
55	0	0	0
54	0	0	0
53	0	0	0
52	0	0	0
51	0	0	0
50	0	0	0
49	0	0	0
48	0	0	0
47	0	0	0
46	0	0	0
45	0	0	0
44	0	0	0
43	0	0	0
42	0	0	0
41	0	0	0
40	0	0	0
39	0	0	0
38	0	0	0
37	0	0	0
36	0	0	0
35	0	0	0
34	0	0	0
33	0	0	0
32	0	0	0
31	0	0	0
30	0	0	0
29	0	0	0
28	0	0	0
27	0	0	0
26	0	0	0
25	0	0	0
24	0	0	0
23	0	0	0
22	0	0	0
21	0	0	0
20	0	0	0
19	0	0	0
18	0	0	0
17	0	0	0
16	0	0	0
15	0	0	0
14	0	0	0
13	0	0	0
12	0	0	0
11	0	0	0
10	0	0	0
9	0	0	0
8	0	0	0
7	0	0	0
6	0	0	0
5	0	0	0
4	0	0	0
3	0	0	0
2	0	0	0
1	0	0	0
