48, 99, 100, 261, 41, 16, 248, 211, 212, 56, 27, 126
97, 203, 132, 166, 139, 142, 29, 208, 206, 183, 125, 158
161, 35, 260, 15, 141, 78, 239, 208, 209, 183, 121, 251
64, 162, 11, 5, 73, 75, 78, 176, 227, 149, 155, 221
240, 34, 101, 265, 266, 46, 272, 273, 18, 247, 216, 221
97, 3, 41, 268, 114, 14, 48, 241, 146, 20, 223, 127
230, 263, 104, 41, 74, 15, 177, 146, 181, 150, 216, 239
67, 228, 134, 204, 269, 77, 109, 240, 21, 120, 239, 159
225, 66, 69, 177, 239, 241, 276, 181, 182, 55, 24, 49
65, 67, 164, 73, 109, 51, 278, 122, 252, 253, 126, 63
33, 194, 241, 104, 170, 145, 193, 277, 150, 72, 187, 30
96, 33, 3, 131, 200, 138, 139, 207, 275, 84, 153, 91
128, 130, 103, 104, 44, 266, 76, 15, 274, 204, 183, 121
162, 227, 166, 40, 201, 247, 108, 171, 279, 120, 29, 159
33, 98, 99, 5, 70, 66, 79, 52, 22, 24, 217, 252
2, 164, 6, 103, 44, 138, 12, 83, 86, 121, 218, 189
0, 136, 236, 269, 238, 82, 52, 57, 218, 91, 28, 254
194, 131, 98, 38, 73, 239, 237, 226, 141, 118, 185, 123
258, 67, 4, 38, 167, 170, 203, 66, 270, 87, 26, 157
161, 259, 39, 168, 46, 131, 213, 246, 23, 58, 92, 125
32, 230, 35, 228, 5, 262, 178, 114, 149, 88, 61, 159
128, 7, 72, 137, 235, 271, 240, 180, 149, 169, 155, 94
161, 148, 228, 226, 14, 190, 244, 222, 185, 155, 126, 31
100, 133, 200, 74, 271, 113, 178, 19, 278, 119, 154, 202
69, 167, 8, 235, 45, 14, 81, 210, 243, 114, 252, 154
65, 259, 228, 230, 102, 233, 74, 173, 248, 216, 91, 188
193, 131, 132, 136, 75, 44, 210, 177, 18, 107, 247, 254
0, 192, 259, 71, 232, 137, 205, 40, 184, 152, 123, 221
196, 133, 70, 168, 233, 236, 16, 92, 276, 87, 249, 156
1, 99, 166, 138, 235, 13, 51, 212, 117, 57, 88, 121
256, 64, 194, 37, 70, 103, 10, 80, 147, 158, 125, 222
64, 272, 130, 198, 137, 202, 267, 112, 22, 87, 265, 63
64, 226, 178, 39, 233, 173, 81, 82, 20, 278, 60, 94
224, 227, 133, 14, 11, 142, 143, 213, 235, 88, 124, 10
257, 4, 69, 246, 135, 168, 73, 270, 216, 278, 56, 49
2, 73, 234, 271, 144, 179, 20, 53, 118, 55, 186, 222
130, 107, 268, 141, 269, 80, 88, 212, 277, 152, 216, 62
97, 251, 132, 197, 134, 202, 139, 82, 248, 91, 188, 30
100, 262, 199, 264, 167, 210, 17, 18, 115, 118, 247, 119
32, 161, 162, 196, 103, 192, 78, 207, 178, 19, 119, 156
97, 258, 100, 229, 129, 104, 138, 13, 168, 246, 186, 27
0, 65, 162, 163, 5, 6, 236, 273, 116, 247, 59, 221
65, 132, 68, 261, 97, 80, 140, 112, 177, 242, 181, 196
197, 140, 207, 111, 110, 54, 121, 218, 187, 124, 58, 255
98, 86, 204, 12, 45, 206, 15, 214, 87, 217, 26, 126
228, 122, 44, 148, 53, 54, 55, 24, 90, 155, 124, 218
19, 225, 132, 133, 76, 253, 273, 243, 148, 56, 4, 189
65, 261, 129, 264, 161, 267, 236, 109, 184, 215, 152, 151
128, 65, 197, 166, 71, 136, 234, 274, 248, 0, 134, 5
129, 34, 198, 8, 105, 203, 76, 238, 52, 55, 248, 94
130, 261, 102, 268, 140, 81, 210, 244, 85, 120, 153, 59
194, 277, 9, 201, 110, 179, 84, 53, 73, 265, 29, 159
257, 251, 16, 65, 80, 14, 240, 49, 211, 149, 150, 123
66, 35, 147, 69, 200, 237, 45, 177, 51, 247, 248, 61
160, 227, 68, 229, 167, 43, 45, 81, 213, 260, 122, 149
98, 35, 260, 103, 8, 266, 173, 45, 49, 259, 189, 95
0, 34, 131, 71, 46, 269, 78, 207, 222, 245, 89, 254
193, 194, 98, 231, 74, 235, 173, 16, 210, 279, 187, 29
195, 70, 113, 232, 43, 200, 19, 116, 117, 86, 247, 188
50, 134, 263, 41, 269, 175, 273, 274, 279, 120, 218, 187
32, 134, 142, 137, 171, 78, 238, 83, 244, 85, 119, 155
161, 235, 172, 173, 272, 176, 115, 148, 245, 84, 20, 53
258, 163, 36, 71, 267, 141, 270, 114, 180, 89, 253, 191
225, 131, 231, 9, 207, 112, 179, 213, 183, 143, 92, 31
32, 3, 228, 268, 207, 82, 211, 180, 250, 188, 30, 31
162, 101, 41, 42, 265, 47, 48, 52, 9, 25, 124, 234
193, 195, 8, 140, 173, 14, 232, 18, 147, 53, 214, 91
96, 18, 230, 7, 9, 171, 146, 239, 114, 151, 169, 190
97, 103, 72, 124, 42, 175, 238, 207, 54, 79, 156, 234
34, 99, 72, 8, 239, 177, 53, 182, 24, 154, 253, 127
28, 165, 263, 204, 268, 14, 148, 85, 89, 58, 92, 30
160, 262, 232, 170, 237, 143, 48, 119, 56, 154, 27, 62
161, 68, 69, 231, 106, 270, 21, 186, 228, 90, 10, 223
35, 34, 3, 228, 166, 9, 235, 76, 238, 17, 178, 51
256, 133, 6, 167, 145, 25, 117, 23, 88, 57, 156, 94
257, 3, 196, 261, 169, 202, 110, 189, 208, 186, 26, 159
160, 193, 102, 199, 73, 12, 46, 207, 112, 49, 242, 219
195, 164, 102, 7, 136, 202, 79, 273, 211, 250, 189, 223
225, 2, 3, 39, 235, 204, 240, 176, 148, 183, 56, 60
256, 97, 195, 68, 96, 77, 14, 244, 90, 123, 218, 254
160, 162, 195, 36, 105, 42, 109, 82, 52, 120, 189, 30
32, 258, 54, 263, 50, 148, 158, 118, 87, 24, 250, 94
32, 64, 163, 37, 193, 80, 138, 270, 16, 179, 246, 153
162, 139, 199, 60, 106, 107, 15, 112, 85, 248, 267, 188
258, 227, 197, 11, 268, 226, 61, 145, 51, 215, 157, 190
70, 168, 140, 50, 206, 146, 83, 86, 152, 89, 60, 125
194, 259, 100, 262, 44, 15, 113, 85, 215, 90, 58, 223
101, 264, 106, 44, 240, 81, 18, 116, 214, 28, 94, 31
33, 260, 134, 74, 203, 242, 116, 217, 153, 29, 20, 36
96, 160, 70, 108, 174, 274, 116, 85, 214, 56, 62, 255
99, 198, 72, 266, 45, 175, 241, 178, 86, 216, 79, 95
66, 37, 231, 106, 11, 205, 111, 16, 245, 152, 25, 92
160, 259, 70, 171, 141, 19, 219, 119, 218, 91, 28, 63
160, 162, 99, 233, 117, 142, 143, 206, 184, 111, 220, 255
32, 49, 169, 74, 87, 81, 276, 21, 182, 249, 153, 181
164, 113, 232, 138, 110, 272, 145, 277, 118, 55, 90, 255
67, 165, 199, 200, 11, 174, 79, 177, 244, 117, 89, 124
1, 68, 37, 40, 42, 79, 104, 277, 186, 127, 122, 5
139, 44, 205, 14, 17, 146, 243, 276, 57, 55, 152, 217
0, 133, 237, 14, 93, 242, 245, 121, 90, 207, 29, 69
0, 224, 214, 38, 40, 265, 108, 277, 86, 23, 248, 197
224, 65, 195, 4, 165, 233, 141, 144, 87, 185, 123, 188
264, 203, 76, 77, 208, 113, 50, 183, 25, 249, 158, 223
256, 68, 39, 139, 12, 15, 115, 215, 55, 186, 156, 30
97, 6, 40, 105, 10, 12, 111, 242, 213, 217, 122, 220
126, 130, 104, 169, 139, 172, 141, 80, 49, 180, 117, 222
194, 72, 201, 140, 114, 83, 87, 120, 217, 91, 188, 157
36, 231, 142, 274, 83, 158, 182, 217, 26, 155, 220, 222
100, 164, 228, 179, 233, 13, 174, 114, 115, 196, 89, 252
128, 80, 7, 233, 47, 272, 210, 9, 250, 155, 189, 191
192, 257, 43, 262, 193, 95, 75, 145, 51, 219, 189, 191
162, 262, 104, 124, 43, 258, 253, 245, 278, 91, 220, 93
232, 172, 42, 76, 63, 271, 136, 83, 279, 255, 265, 31
164, 229, 102, 23, 144, 242, 86, 279, 58, 95, 183, 191
67, 5, 230, 106, 108, 207, 177, 20, 62, 24, 125, 126
256, 38, 103, 137, 234, 203, 108, 61, 150, 219, 135, 125
224, 227, 41, 234, 175, 184, 243, 87, 88, 89, 58, 157
96, 194, 168, 105, 74, 93, 146, 211, 212, 58, 123, 29
35, 38, 81, 201, 206, 17, 146, 243, 214, 157, 222, 95
257, 38, 39, 200, 268, 71, 236, 92, 210, 246, 23, 60
166, 7, 233, 106, 140, 13, 80, 50, 243, 121, 59, 221
192, 2, 99, 200, 137, 43, 12, 15, 273, 120, 155, 29
97, 196, 54, 104, 9, 45, 175, 147, 278, 260, 156, 191
27, 101, 205, 79, 17, 274, 276, 117, 52, 250, 251, 159
96, 65, 259, 68, 229, 33, 232, 43, 45, 111, 209, 255
19, 1, 226, 263, 200, 202, 237, 114, 115, 85, 250, 30
0, 131, 133, 9, 44, 206, 190, 114, 142, 22, 105, 254
97, 165, 134, 232, 201, 279, 5, 180, 215, 223, 220, 69
131, 197, 264, 267, 12, 109, 48, 21, 184, 252, 158, 165
192, 226, 260, 49, 40, 177, 138, 47, 209, 242, 213, 264
195, 36, 263, 105, 12, 240, 209, 50, 148, 149, 216, 31
128, 11, 126, 17, 274, 19, 149, 56, 26, 157, 190, 63
1, 259, 37, 232, 42, 172, 46, 174, 184, 250, 156, 26
33, 99, 262, 167, 138, 46, 144, 126, 23, 28, 74, 222
224, 48, 37, 7, 264, 208, 246, 88, 249, 59, 60, 127
256, 161, 34, 169, 239, 272, 209, 115, 244, 185, 148, 186
160, 16, 112, 171, 77, 238, 48, 210, 186, 26, 221, 159
256, 181, 267, 171, 269, 115, 21, 184, 121, 27, 60, 31
129, 133, 225, 40, 11, 268, 271, 82, 179, 15, 29, 95
1, 98, 37, 246, 103, 168, 105, 11, 140, 274, 83, 278
66, 43, 106, 139, 174, 50, 42, 85, 246, 120, 202, 266
2, 227, 36, 101, 167, 105, 171, 206, 17, 187, 92, 62
33, 229, 1, 107, 273, 199, 214, 279, 155, 60, 93, 126
33, 228, 71, 266, 253, 248, 149, 278, 202, 251, 93, 63
256, 257, 194, 35, 133, 206, 208, 113, 182, 153, 254, 101
226, 163, 74, 162, 110, 274, 84, 213, 151, 10, 254, 95
193, 98, 67, 5, 6, 117, 118, 183, 154, 252, 158, 85
66, 261, 231, 202, 174, 178, 53, 150, 154, 122, 30, 159
130, 227, 230, 70, 135, 45, 46, 81, 78, 22, 61, 255
3, 130, 131, 199, 143, 211, 20, 21, 54, 248, 52, 181
160, 115, 147, 6, 10, 275, 52, 182, 151, 216, 249, 234
160, 226, 67, 232, 169, 47, 145, 259, 180, 181, 150, 159
98, 91, 36, 203, 175, 27, 210, 244, 85, 180, 47, 277
163, 82, 266, 11, 237, 175, 144, 50, 178, 88, 251, 94
225, 69, 71, 269, 173, 177, 146, 147, 23, 24, 250, 222
3, 169, 107, 45, 142, 109, 21, 22, 217, 121, 60, 213
132, 39, 74, 267, 254, 184, 68, 122, 103, 28, 234, 158
131, 260, 118, 106, 18, 205, 210, 179, 84, 246, 279, 116
128, 1, 259, 164, 102, 107, 204, 271, 81, 146, 156, 30
224, 147, 7, 136, 75, 13, 238, 240, 51, 20, 151, 123
54, 71, 136, 76, 80, 242, 179, 150, 151, 89, 92, 93
2, 195, 135, 72, 39, 47, 264, 19, 22, 184, 252, 61
3, 65, 227, 39, 41, 235, 13, 111, 80, 145, 83, 93
209, 41, 62, 145, 82, 276, 277, 182, 217, 153, 190, 223
165, 9, 202, 108, 173, 77, 113, 217, 15, 266, 158, 95
96, 128, 164, 101, 262, 215, 70, 272, 212, 279, 166, 127
1, 227, 165, 199, 168, 73, 13, 48, 120, 184, 29, 229
257, 133, 38, 74, 141, 206, 209, 18, 54, 24, 234, 170
34, 166, 211, 40, 139, 172, 19, 117, 278, 218, 28, 85
224, 226, 187, 135, 105, 75, 177, 67, 21, 151, 155, 94
167, 10, 71, 238, 241, 18, 275, 245, 249, 186, 251, 253
67, 220, 136, 137, 13, 205, 141, 244, 204, 92, 60, 254
112, 132, 198, 168, 105, 279, 208, 215, 184, 249, 61, 223
32, 66, 164, 233, 55, 212, 25, 216, 57, 154, 220, 61
96, 195, 132, 243, 201, 203, 268, 108, 140, 275, 147, 89
224, 68, 262, 265, 273, 116, 245, 152, 153, 90, 59, 122
256, 192, 3, 197, 269, 78, 242, 182, 249, 219, 220, 61
96, 129, 69, 6, 8, 169, 42, 114, 53, 247, 26, 154
32, 197, 39, 73, 205, 209, 147, 20, 23, 153, 90, 255
160, 35, 108, 138, 204, 157, 82, 51, 215, 265, 266, 63
256, 64, 201, 267, 241, 211, 21, 105, 152, 151, 62, 127
224, 195, 6, 8, 137, 42, 272, 210, 244, 149, 151, 94
144, 163, 69, 8, 107, 239, 176, 245, 150, 253, 94, 223
224, 1, 2, 197, 102, 266, 12, 237, 78, 113, 146, 63
128, 161, 132, 166, 188, 172, 47, 116, 137, 27, 156, 93
194, 101, 135, 241, 268, 237, 269, 17, 212, 22, 279, 249
97, 35, 261, 257, 136, 170, 75, 40, 214, 72, 103, 135
194, 169, 10, 43, 141, 240, 242, 277, 214, 57, 59, 223
64, 257, 226, 37, 106, 238, 83, 215, 184, 25, 58, 101
257, 260, 77, 80, 75, 109, 110, 15, 208, 46, 55, 218
214, 278, 131, 163, 243, 207, 67, 84, 22, 220, 126, 191
193, 62, 109, 110, 208, 113, 270, 249, 122, 220, 253, 190
176, 263, 129, 39, 269, 110, 240, 241, 246, 121, 249, 27
66, 251, 260, 10, 76, 82, 110, 146, 57, 26, 223, 191
10, 253, 144, 17, 51, 117, 86, 185, 57, 187, 106, 30
161, 66, 101, 130, 199, 77, 174, 79, 80, 181, 278, 58
230, 39, 201, 42, 75, 108, 208, 252, 122, 28, 234, 213
128, 176, 100, 37, 200, 43, 272, 48, 178, 84, 183, 252
225, 227, 199, 172, 49, 259, 212, 245, 246, 90, 254, 31
96, 195, 38, 198, 235, 76, 142, 273, 83, 149, 215, 166
96, 197, 262, 233, 11, 221, 53, 23, 121, 58, 119, 125
196, 230, 275, 106, 236, 13, 174, 51, 180, 118, 219, 127
164, 37, 75, 140, 77, 143, 209, 147, 261, 23, 125, 31
1, 102, 264, 235, 174, 49, 18, 115, 212, 152, 88, 221
70, 7, 44, 171, 12, 78, 271, 208, 270, 179, 206, 158
123, 98, 27, 260, 231, 171, 274, 178, 211, 276, 91, 157
1, 258, 167, 44, 263, 204, 141, 144, 85, 118, 93, 126
64, 99, 68, 39, 11, 76, 43, 114, 244, 56, 190, 63
1, 2, 196, 134, 102, 204, 75, 172, 144, 191, 189, 230
129, 130, 163, 230, 167, 202, 135, 236, 2, 240, 178, 124
38, 136, 242, 109, 24, 50, 181, 119, 152, 57, 26, 157
64, 0, 258, 168, 205, 77, 273, 274, 52, 149, 180, 117
0, 36, 165, 198, 203, 173, 29, 244, 117, 278, 185, 221
33, 196, 129, 104, 271, 145, 19, 54, 216, 155, 253, 63
66, 100, 263, 44, 142, 275, 118, 87, 89, 186, 187, 190
165, 103, 199, 172, 47, 179, 84, 86, 218, 188, 250, 127
130, 34, 4, 6, 268, 173, 241, 213, 150, 25, 90, 36
98, 163, 164, 261, 104, 106, 107, 44, 14, 270, 88, 155
272, 226, 59, 168, 43, 45, 79, 16, 215, 15, 92, 189
230, 263, 264, 201, 76, 110, 176, 115, 277, 265, 92, 255
171, 104, 107, 173, 270, 111, 176, 243, 191, 93, 190, 127
257, 3, 4, 229, 200, 41, 203, 268, 136, 212, 120, 27
35, 133, 231, 105, 107, 270, 22, 247, 56, 154, 118, 30
193, 182, 163, 86, 102, 72, 172, 77, 246, 187, 5, 127
33, 226, 100, 101, 134, 169, 175, 276, 181, 183, 116, 159
277, 198, 230, 8, 138, 46, 232, 78, 247, 154, 255, 63
32, 129, 17, 169, 224, 145, 84, 22, 151, 218, 188, 125
84, 33, 162, 3, 198, 166, 258, 13, 141, 116, 54, 148
256, 64, 7, 72, 73, 108, 45, 143, 241, 20, 22, 25
166, 231, 40, 234, 267, 142, 239, 113, 238, 54, 124, 221
225, 67, 196, 6, 201, 208, 209, 114, 148, 25, 219, 20
229, 261, 72, 107, 237, 205, 147, 276, 57, 91, 222, 63
225, 66, 132, 71, 127, 112, 151, 58, 27, 124, 254, 95
32, 258, 101, 200, 267, 108, 109, 173, 120, 25, 28, 93
65, 35, 196, 229, 167, 48, 115, 116, 245, 150, 68, 156
256, 33, 162, 199, 73, 203, 78, 61, 21, 24, 57, 29
209, 201, 266, 269, 47, 16, 241, 41, 119, 249, 28, 255
99, 71, 231, 273, 17, 244, 53, 183, 153, 125, 185, 245
68, 229, 136, 188, 170, 267, 271, 16, 49, 73, 60, 159
2, 67, 229, 6, 7, 8, 135, 17, 275, 182, 251, 69
192, 130, 4, 7, 78, 209, 52, 21, 87, 187, 252, 159
192, 228, 5, 8, 170, 236, 248, 180, 216, 185, 90, 10
160, 129, 99, 104, 42, 76, 176, 113, 210, 88, 250, 187
98, 174, 46, 271, 24, 274, 116, 190, 118, 120, 220, 254
96, 135, 171, 237, 79, 50, 212, 181, 22, 152, 207, 60
99, 198, 170, 111, 61, 175, 237, 182, 56, 266, 91, 234
192, 34, 134, 198, 40, 139, 140, 82, 19, 119, 157, 223
225, 4, 38, 41, 267, 13, 177, 276, 53, 26, 58, 222
0, 100, 37, 241, 265, 143, 48, 49, 83, 53, 25, 149
192, 134, 102, 236, 170, 172, 176, 150, 185, 28, 94, 191
64, 132, 109, 270, 77, 81, 242, 275, 215, 154, 123, 125
193, 2, 259, 37, 265, 170, 239, 143, 52, 153, 123, 253
128, 161, 196, 261, 9, 108, 14, 271, 240, 146, 24, 197
194, 251, 69, 9, 170, 46, 111, 213, 182, 143, 62, 191
144, 198, 232, 171, 79, 16, 145, 243, 56, 26, 156, 126
225, 43, 236, 112, 178, 148, 277, 89, 219, 124, 93, 95
176, 228, 135, 137, 74, 235, 79, 144, 115, 180, 103, 30
34, 261, 167, 75, 110, 189, 144, 52, 119, 186, 188, 221
227, 263, 40, 233, 269, 206, 111, 81, 18, 211, 84, 62
27, 132, 198, 92, 55, 19, 86, 151, 25, 251, 124, 158
193, 2, 262, 129, 205, 157, 276, 54, 55, 88, 122, 189
0, 257, 231, 42, 75, 47, 50, 147, 217, 186, 252, 202
260, 165, 38, 71, 200, 110, 175, 275, 20, 86, 111, 133
192, 258, 219, 6, 70, 130, 206, 272, 81, 214, 59, 125
128, 129, 219, 134, 38, 161, 203, 47, 275, 87, 271, 102
65, 251, 4, 179, 112, 175, 272, 51, 248, 100, 219, 31
164, 4, 140, 236, 183, 12, 143, 179, 245, 55, 153, 90
128, 229, 233, 238, 47, 83, 180, 247, 137, 156, 62, 31
64, 36, 5, 70, 138, 174, 50, 84, 119, 216, 185, 221
192, 176, 258, 36, 7, 137, 236, 16, 56, 185, 154, 59
34, 72, 204, 82, 18, 275, 62, 217, 250, 220, 222, 191
35, 264, 138, 204, 238, 112, 243, 21, 23, 252, 158, 213
197, 4, 165, 263, 265, 135, 109, 181, 218, 31, 61, 95
4, 199, 41, 142, 237, 46, 175, 211, 276, 77, 121, 59
107, 123, 131, 211, 139, 12, 205, 48, 145, 243, 89, 59
150, 262, 264, 201, 170, 11, 174, 239, 270, 214, 279, 250
224, 98, 163, 260, 231, 8, 205, 273, 247, 123, 28, 94
225, 163, 100, 97, 95, 51, 219, 152, 36, 187, 10, 255
32, 34, 195, 168, 9, 139, 143, 212, 23, 122, 111, 190
165, 172, 13, 142, 112, 113, 275, 185, 57, 59, 157, 127
