3360	18	7	7
3359	15	7	7
3358	15	7	7
3357	14	7	7
3356	14	7	7
3355	14	6	7
3354	14	6	7
3353	14	6	7
3352	14	6	6
3351	13	6	6
3350	13	6	6
3349	13	6	6
3348	13	6	6
3347	13	6	6
3346	13	6	6
3345	12	6	6
3344	12	6	6
3343	12	6	6
3342	12	6	6
3341	12	6	6
3340	12	6	6
3339	12	6	6
3338	12	6	6
3337	12	6	6
3336	12	6	6
3335	12	6	6
3334	12	6	6
3333	12	5	6
3332	12	5	6
3331	11	5	6
3330	11	5	6
3329	11	5	6
3328	11	5	6
3327	11	5	6
3326	11	5	6
3325	11	5	6
3324	11	5	6
3323	11	5	6
3322	11	5	6
3321	11	5	6
3320	11	5	5
3319	11	5	5
3318	11	5	5
3317	10	5	5
3316	10	5	5
3315	10	5	5
3314	10	5	5
3313	10	5	5
3312	10	5	5
3311	10	5	5
3310	10	5	5
3309	10	5	5
3308	10	5	5
3307	10	5	5
3306	10	5	5
3305	10	5	5
3304	10	5	5
3303	10	5	5
3302	10	5	5
3301	10	5	5
3300	10	5	5
3299	10	5	5
3298	10	5	5
3297	10	5	5
3296	10	5	5
3295	10	5	5
3294	10	5	5
3293	10	5	5
3292	10	5	5
3291	10	5	5
3290	10	5	5
3289	10	5	5
3288	10	5	5
3287	10	5	5
3286	10	5	5
3285	10	5	5
3284	10	5	5
3283	10	5	5
3282	10	5	5
3281	10	5	5
3280	10	5	5
3279	10	5	5
3278	10	5	5
3277	10	5	5
3276	10	5	5
3275	10	5	5
3274	10	5	5
3273	10	5	5
3272	9	5	5
3271	9	5	5
3270	9	5	5
3269	9	5	5
3268	9	5	5
3267	9	5	5
3266	9	5	5
3265	9	5	5
3264	9	5	5
3263	9	5	5
3262	9	5	5
3261	9	5	5
3260	9	5	5
3259	9	5	5
3258	9	5	5
3257	9	5	5
3256	9	5	5
3255	9	5	5
3254	9	5	5
3253	9	5	5
3252	9	5	5
3251	9	5	5
3250	9	5	5
3249	9	5	5
3248	9	5	5
3247	9	5	5
3246	9	5	5
3245	9	5	5
3244	9	5	5
3243	9	5	5
3242	9	5	5
3241	9	5	5
3240	9	5	5
3239	9	5	5
3238	9	5	5
3237	9	5	5
3236	9	4	5
3235	9	4	5
3234	9	4	5
3233	9	4	5
3232	9	4	5
3231	9	4	5
3230	9	4	5
3229	9	4	5
3228	9	4	5
3227	9	4	5
3226	9	4	5
3225	9	4	5
3224	9	4	5
3223	9	4	5
3222	9	4	5
3221	9	4	5
3220	9	4	5
3219	9	4	5
3218	9	4	5
3217	9	4	5
3216	9	4	5
3215	9	4	5
3214	9	4	5
3213	9	4	5
3212	9	4	5
3211	9	4	5
3210	9	4	5
3209	9	4	5
3208	9	4	5
3207	9	4	5
3206	9	4	5
3205	8	4	5
3204	8	4	5
3203	8	4	4
3202	8	4	4
3201	8	4	4
3200	8	4	4
3199	8	4	4
3198	8	4	4
3197	8	4	4
3196	8	4	4
3195	8	4	4
3194	8	4	4
3193	8	4	4
3192	8	4	4
3191	8	4	4
3190	8	4	4
3189	8	4	4
3188	8	4	4
3187	8	4	4
3186	8	4	4
3185	8	4	4
3184	8	4	4
3183	8	4	4
3182	8	4	4
3181	8	4	4
3180	8	4	4
3179	8	4	4
3178	8	4	4
3177	8	4	4
3176	8	4	4
3175	8	4	4
3174	8	4	4
3173	8	4	4
3172	8	4	4
3171	8	4	4
3170	8	4	4
3169	8	4	4
3168	8	4	4
3167	8	4	4
3166	8	4	4
3165	8	4	4
3164	8	4	4
3163	8	4	4
3162	8	4	4
3161	8	4	4
3160	8	4	4
3159	8	4	4
3158	8	4	4
3157	8	4	4
3156	8	4	4
3155	8	4	4
3154	8	4	4
3153	8	4	4
3152	8	4	4
3151	8	4	4
3150	8	4	4
3149	8	4	4
3148	8	4	4
3147	8	4	4
3146	8	4	4
3145	8	4	4
3144	8	4	4
3143	8	4	4
3142	8	4	4
3141	8	4	4
3140	8	4	4
3139	8	4	4
3138	8	4	4
3137	8	4	4
3136	8	4	4
3135	8	4	4
3134	8	4	4
3133	8	4	4
3132	8	4	4
3131	8	4	4
3130	8	4	4
3129	8	4	4
3128	8	4	4
3127	8	4	4
3126	8	4	4
3125	8	4	4
3124	8	4	4
3123	8	4	4
3122	8	4	4
3121	8	4	4
3120	8	4	4
3119	8	4	4
3118	8	4	4
3117	8	4	4
3116	8	4	4
3115	8	4	4
3114	8	4	4
3113	8	4	4
3112	8	4	4
3111	8	4	4
3110	8	4	4
3109	8	4	4
3108	8	4	4
3107	8	4	4
3106	8	4	4
3105	8	4	4
3104	7	4	4
3103	7	4	4
3102	7	4	4
3101	7	4	4
3100	7	4	4
3099	7	4	4
3098	7	4	4
3097	7	4	4
3096	7	4	4
3095	7	4	4
3094	7	4	4
3093	7	4	4
3092	7	4	4
3091	7	4	4
3090	7	4	4
3089	7	4	4
3088	7	4	4
3087	7	4	4
3086	7	4	4
3085	7	4	4
3084	7	4	4
3083	7	4	4
3082	7	4	4
3081	7	4	4
3080	7	4	4
3079	7	4	4
3078	7	4	4
3077	7	4	4
3076	7	4	4
3075	7	4	4
3074	7	4	4
3073	7	4	4
3072	7	4	4
3071	7	4	4
3070	7	4	4
3069	7	4	4
3068	7	4	4
3067	7	4	4
3066	7	4	4
3065	7	4	4
3064	7	4	4
3063	7	4	4
3062	7	4	4
3061	7	4	4
3060	7	4	4
3059	7	4	4
3058	7	4	4
3057	7	4	4
3056	7	4	4
3055	7	4	4
3054	7	4	4
3053	7	4	4
3052	7	4	4
3051	7	4	4
3050	7	4	4
3049	7	4	4
3048	7	4	4
3047	7	4	4
3046	7	4	4
3045	7	4	4
3044	7	4	4
3043	7	4	4
3042	7	4	4
3041	7	4	4
3040	7	4	4
3039	7	4	4
3038	7	4	4
3037	7	4	4
3036	7	4	4
3035	7	4	4
3034	7	4	4
3033	7	4	4
3032	7	4	4
3031	7	4	4
3030	7	4	4
3029	7	4	4
3028	7	4	4
3027	7	4	4
3026	7	4	4
3025	7	4	4
3024	7	4	4
3023	7	4	4
3022	7	4	4
3021	7	4	4
3020	7	4	4
3019	7	4	4
3018	7	4	4
3017	7	4	4
3016	7	4	4
3015	7	4	4
3014	7	4	4
3013	7	4	4
3012	7	4	4
3011	7	4	4
3010	7	4	4
3009	7	3	4
3008	7	3	4
3007	7	3	4
3006	7	3	4
3005	7	3	4
3004	7	3	4
3003	7	3	4
3002	7	3	4
3001	7	3	4
3000	7	3	4
2999	7	3	4
2998	7	3	4
2997	7	3	4
2996	7	3	4
2995	7	3	4
2994	7	3	4
2993	7	3	4
2992	7	3	4
2991	7	3	4
2990	7	3	4
2989	7	3	4
2988	7	3	4
2987	7	3	4
2986	7	3	4
2985	7	3	4
2984	7	3	4
2983	7	3	4
2982	7	3	4
2981	7	3	4
2980	7	3	4
2979	7	3	4
2978	7	3	4
2977	7	3	4
2976	7	3	4
2975	7	3	4
2974	7	3	4
2973	7	3	4
2972	7	3	4
2971	7	3	4
2970	7	3	4
2969	7	3	4
2968	7	3	4
2967	7	3	4
2966	7	3	4
2965	7	3	4
2964	7	3	4
2963	7	3	4
2962	7	3	4
2961	7	3	4
2960	7	3	4
2959	7	3	4
2958	7	3	4
2957	7	3	4
2956	7	3	4
2955	7	3	4
2954	7	3	4
2953	7	3	4
2952	7	3	4
2951	7	3	4
2950	7	3	4
2949	7	3	4
2948	7	3	4
2947	7	3	4
2946	7	3	4
2945	7	3	4
2944	7	3	4
2943	7	3	4
2942	7	3	4
2941	7	3	4
2940	7	3	3
2939	7	3	3
2938	7	3	3
2937	7	3	3
2936	7	3	3
2935	7	3	3
2934	7	3	3
2933	7	3	3
2932	7	3	3
2931	7	3	3
2930	7	3	3
2929	7	3	3
2928	7	3	3
2927	7	3	3
2926	7	3	3
2925	7	3	3
2924	7	3	3
2923	7	3	3
2922	7	3	3
2921	7	3	3
2920	7	3	3
2919	7	3	3
2918	7	3	3
2917	7	3	3
2916	7	3	3
2915	7	3	3
2914	7	3	3
2913	7	3	3
2912	7	3	3
2911	7	3	3
2910	7	3	3
2909	7	3	3
2908	7	3	3
2907	7	3	3
2906	7	3	3
2905	7	3	3
2904	7	3	3
2903	7	3	3
2902	7	3	3
2901	7	3	3
2900	7	3	3
2899	7	3	3
2898	7	3	3
2897	7	3	3
2896	7	3	3
2895	7	3	3
2894	7	3	3
2893	7	3	3
2892	7	3	3
2891	7	3	3
2890	7	3	3
2889	7	3	3
2888	7	3	3
2887	7	3	3
2886	7	3	3
2885	7	3	3
2884	7	3	3
2883	7	3	3
2882	7	3	3
2881	7	3	3
2880	7	3	3
2879	7	3	3
2878	7	3	3
2877	7	3	3
2876	7	3	3
2875	7	3	3
2874	7	3	3
2873	7	3	3
2872	7	3	3
2871	7	3	3
2870	7	3	3
2869	7	3	3
2868	7	3	3
2867	7	3	3
2866	7	3	3
2865	7	3	3
2864	7	3	3
2863	7	3	3
2862	7	3	3
2861	7	3	3
2860	7	3	3
2859	6	3	3
2858	6	3	3
2857	6	3	3
2856	6	3	3
2855	6	3	3
2854	6	3	3
2853	6	3	3
2852	6	3	3
2851	6	3	3
2850	6	3	3
2849	6	3	3
2848	6	3	3
2847	6	3	3
2846	6	3	3
2845	6	3	3
2844	6	3	3
2843	6	3	3
2842	6	3	3
2841	6	3	3
2840	6	3	3
2839	6	3	3
2838	6	3	3
2837	6	3	3
2836	6	3	3
2835	6	3	3
2834	6	3	3
2833	6	3	3
2832	6	3	3
2831	6	3	3
2830	6	3	3
2829	6	3	3
2828	6	3	3
2827	6	3	3
2826	6	3	3
2825	6	3	3
2824	6	3	3
2823	6	3	3
2822	6	3	3
2821	6	3	3
2820	6	3	3
2819	6	3	3
2818	6	3	3
2817	6	3	3
2816	6	3	3
2815	6	3	3
2814	6	3	3
2813	6	3	3
2812	6	3	3
2811	6	3	3
2810	6	3	3
2809	6	3	3
2808	6	3	3
2807	6	3	3
2806	6	3	3
2805	6	3	3
2804	6	3	3
2803	6	3	3
2802	6	3	3
2801	6	3	3
2800	6	3	3
2799	6	3	3
2798	6	3	3
2797	6	3	3
2796	6	3	3
2795	6	3	3
2794	6	3	3
2793	6	3	3
2792	6	3	3
2791	6	3	3
2790	6	3	3
2789	6	3	3
2788	6	3	3
2787	6	3	3
2786	6	3	3
2785	6	3	3
2784	6	3	3
2783	6	3	3
2782	6	3	3
2781	6	3	3
2780	6	3	3
2779	6	3	3
2778	6	3	3
2777	6	3	3
2776	6	3	3
2775	6	3	3
2774	6	3	3
2773	6	3	3
2772	6	3	3
2771	6	3	3
2770	6	3	3
2769	6	3	3
2768	6	3	3
2767	6	3	3
2766	6	3	3
2765	6	3	3
2764	6	3	3
2763	6	3	3
2762	6	3	3
2761	6	3	3
2760	6	3	3
2759	6	3	3
2758	6	3	3
2757	6	3	3
2756	6	3	3
2755	6	3	3
2754	6	3	3
2753	6	3	3
2752	6	3	3
2751	6	3	3
2750	6	3	3
2749	6	3	3
2748	6	3	3
2747	6	3	3
2746	6	3	3
2745	6	3	3
2744	6	3	3
2743	6	3	3
2742	6	3	3
2741	6	3	3
2740	6	3	3
2739	6	3	3
2738	6	3	3
2737	6	3	3
2736	6	3	3
2735	6	3	3
2734	6	3	3
2733	6	3	3
2732	6	3	3
2731	6	3	3
2730	6	3	3
2729	6	3	3
2728	6	3	3
2727	6	3	3
2726	6	3	3
2725	6	3	3
2724	6	3	3
2723	6	3	3
2722	6	3	3
2721	6	3	3
2720	6	3	3
2719	6	3	3
2718	6	3	3
2717	6	3	3
2716	6	3	3
2715	6	3	3
2714	6	3	3
2713	6	3	3
2712	6	3	3
2711	6	3	3
2710	6	3	3
2709	6	3	3
2708	6	3	3
2707	6	3	3
2706	6	3	3
2705	6	3	3
2704	6	3	3
2703	6	3	3
2702	6	3	3
2701	6	3	3
2700	6	3	3
2699	6	3	3
2698	6	3	3
2697	6	3	3
2696	6	3	3
2695	6	3	3
2694	6	3	3
2693	6	3	3
2692	6	3	3
2691	6	3	3
2690	6	3	3
2689	6	3	3
2688	6	3	3
2687	6	3	3
2686	6	3	3
2685	6	3	3
2684	6	3	3
2683	6	3	3
2682	6	3	3
2681	6	3	3
2680	6	3	3
2679	6	3	3
2678	6	3	3
2677	6	3	3
2676	6	3	3
2675	6	3	3
2674	6	3	3
2673	6	3	3
2672	6	3	3
2671	6	3	3
2670	6	3	3
2669	6	3	3
2668	6	3	3
2667	6	3	3
2666	6	3	3
2665	6	3	3
2664	6	3	3
2663	6	3	3
2662	6	3	3
2661	6	3	3
2660	6	3	3
2659	6	3	3
2658	6	3	3
2657	6	3	3
2656	6	3	3
2655	6	3	3
2654	6	3	3
2653	6	3	3
2652	6	3	3
2651	6	3	3
2650	6	3	3
2649	6	3	3
2648	6	3	3
2647	6	3	3
2646	6	3	3
2645	6	3	3
2644	6	3	3
2643	6	3	3
2642	6	3	3
2641	6	3	3
2640	6	3	3
2639	6	3	3
2638	6	3	3
2637	6	3	3
2636	6	3	3
2635	6	3	3
2634	6	3	3
2633	6	3	3
2632	6	3	3
2631	6	3	3
2630	6	3	3
2629	6	3	3
2628	6	3	3
2627	6	3	3
2626	6	3	3
2625	6	3	3
2624	6	3	3
2623	6	3	3
2622	6	3	3
2621	6	3	3
2620	6	3	3
2619	6	3	3
2618	6	3	3
2617	6	3	3
2616	6	3	3
2615	6	3	3
2614	6	3	3
2613	6	3	3
2612	6	3	3
2611	6	3	3
2610	6	3	3
2609	6	3	3
2608	6	3	3
2607	6	3	3
2606	6	3	3
2605	6	3	3
2604	6	3	3
2603	6	3	3
2602	6	3	3
2601	6	3	3
2600	6	3	3
2599	6	3	3
2598	6	3	3
2597	6	3	3
2596	6	3	3
2595	6	3	3
2594	6	3	3
2593	6	3	3
2592	6	3	3
2591	6	3	3
2590	6	3	3
2589	6	3	3
2588	6	3	3
2587	6	3	3
2586	6	3	3
2585	6	3	3
2584	6	3	3
2583	6	3	3
2582	6	3	3
2581	6	3	3
2580	6	3	3
2579	6	3	3
2578	6	3	3
2577	6	3	3
2576	6	3	3
2575	6	3	3
2574	6	3	3
2573	6	3	3
2572	6	3	3
2571	6	3	3
2570	6	3	3
2569	6	3	3
2568	6	3	3
2567	6	3	3
2566	6	3	3
2565	6	3	3
2564	6	3	3
2563	6	3	3
2562	6	3	3
2561	6	3	3
2560	6	3	3
2559	6	3	3
2558	6	3	3
2557	6	3	3
2556	6	3	3
2555	6	3	3
2554	6	3	3
2553	6	3	3
2552	6	3	3
2551	6	3	3
2550	6	3	3
2549	6	3	3
2548	6	3	3
2547	6	3	3
2546	6	3	3
2545	5	3	3
2544	5	3	3
2543	5	3	3
2542	5	3	3
2541	5	3	3
2540	5	3	3
2539	5	3	3
2538	5	3	3
2537	5	3	3
2536	5	3	3
2535	5	3	3
2534	5	3	3
2533	5	3	3
2532	5	3	3
2531	5	3	3
2530	5	3	3
2529	5	3	3
2528	5	3	3
2527	5	3	3
2526	5	3	3
2525	5	3	3
2524	5	3	3
2523	5	3	3
2522	5	3	3
2521	5	3	3
2520	5	3	3
2519	5	3	3
2518	5	3	3
2517	5	3	3
2516	5	3	3
2515	5	3	3
2514	5	3	3
2513	5	3	3
2512	5	3	3
2511	5	3	3
2510	5	3	3
2509	5	3	3
2508	5	3	3
2507	5	3	3
2506	5	3	3
2505	5	3	3
2504	5	3	3
2503	5	3	3
2502	5	3	3
2501	5	3	3
2500	5	3	3
2499	5	3	3
2498	5	3	3
2497	5	3	3
2496	5	3	3
2495	5	3	3
2494	5	3	3
2493	5	3	3
2492	5	3	3
2491	5	3	3
2490	5	3	3
2489	5	3	3
2488	5	3	3
2487	5	3	3
2486	5	3	3
2485	5	3	3
2484	5	3	3
2483	5	3	3
2482	5	3	3
2481	5	3	3
2480	5	3	3
2479	5	3	3
2478	5	3	3
2477	5	3	3
2476	5	3	3
2475	5	3	3
2474	5	3	3
2473	5	3	3
2472	5	3	3
2471	5	3	3
2470	5	3	3
2469	5	3	3
2468	5	3	3
2467	5	3	3
2466	5	3	3
2465	5	3	3
2464	5	3	3
2463	5	3	3
2462	5	3	3
2461	5	3	3
2460	5	3	3
2459	5	3	3
2458	5	3	3
2457	5	3	3
2456	5	3	3
2455	5	3	3
2454	5	3	3
2453	5	3	3
2452	5	3	3
2451	5	3	3
2450	5	3	3
2449	5	3	3
2448	5	3	3
2447	5	3	3
2446	5	3	3
2445	5	3	3
2444	5	3	3
2443	5	3	3
2442	5	3	3
2441	5	3	3
2440	5	3	3
2439	5	3	3
2438	5	3	3
2437	5	3	3
2436	5	3	3
2435	5	3	3
2434	5	3	3
2433	5	2	3
2432	5	2	3
2431	5	2	3
2430	5	2	3
2429	5	2	3
2428	5	2	3
2427	5	2	3
2426	5	2	3
2425	5	2	3
2424	5	2	3
2423	5	2	3
2422	5	2	3
2421	5	2	3
2420	5	2	3
2419	5	2	3
2418	5	2	3
2417	5	2	3
2416	5	2	3
2415	5	2	3
2414	5	2	3
2413	5	2	3
2412	5	2	3
2411	5	2	3
2410	5	2	3
2409	5	2	3
2408	5	2	3
2407	5	2	3
2406	5	2	3
2405	5	2	3
2404	5	2	3
2403	5	2	3
2402	5	2	3
2401	5	2	3
2400	5	2	3
2399	5	2	3
2398	5	2	3
2397	5	2	3
2396	5	2	3
2395	5	2	3
2394	5	2	3
2393	5	2	3
2392	5	2	3
2391	5	2	3
2390	5	2	3
2389	5	2	3
2388	5	2	3
2387	5	2	3
2386	5	2	3
2385	5	2	3
2384	5	2	3
2383	5	2	3
2382	5	2	3
2381	5	2	3
2380	5	2	3
2379	5	2	3
2378	5	2	3
2377	5	2	3
2376	5	2	3
2375	5	2	3
2374	5	2	3
2373	5	2	3
2372	5	2	3
2371	5	2	3
2370	5	2	3
2369	5	2	3
2368	5	2	3
2367	5	2	3
2366	5	2	3
2365	5	2	3
2364	5	2	3
2363	5	2	3
2362	5	2	3
2361	5	2	3
2360	5	2	3
2359	5	2	3
2358	5	2	3
2357	5	2	3
2356	5	2	3
2355	5	2	3
2354	5	2	3
2353	5	2	3
2352	5	2	3
2351	5	2	3
2350	5	2	3
2349	5	2	3
2348	5	2	3
2347	5	2	3
2346	5	2	3
2345	5	2	3
2344	5	2	3
2343	5	2	3
2342	5	2	3
2341	5	2	3
2340	5	2	3
2339	5	2	3
2338	5	2	3
2337	5	2	3
2336	5	2	3
2335	5	2	3
2334	5	2	3
2333	5	2	3
2332	5	2	3
2331	5	2	3
2330	5	2	3
2329	5	2	3
2328	5	2	3
2327	5	2	3
2326	5	2	3
2325	5	2	3
2324	5	2	2
2323	5	2	2
2322	5	2	2
2321	5	2	2
2320	5	2	2
2319	5	2	2
2318	5	2	2
2317	5	2	2
2316	5	2	2
2315	5	2	2
2314	5	2	2
2313	5	2	2
2312	5	2	2
2311	5	2	2
2310	5	2	2
2309	5	2	2
2308	5	2	2
2307	5	2	2
2306	5	2	2
2305	5	2	2
2304	5	2	2
2303	5	2	2
2302	5	2	2
2301	5	2	2
2300	5	2	2
2299	5	2	2
2298	5	2	2
2297	5	2	2
2296	5	2	2
2295	5	2	2
2294	5	2	2
2293	5	2	2
2292	5	2	2
2291	5	2	2
2290	5	2	2
2289	5	2	2
2288	5	2	2
2287	5	2	2
2286	5	2	2
2285	5	2	2
2284	5	2	2
2283	5	2	2
2282	5	2	2
2281	5	2	2
2280	5	2	2
2279	5	2	2
2278	5	2	2
2277	5	2	2
2276	5	2	2
2275	5	2	2
2274	5	2	2
2273	5	2	2
2272	5	2	2
2271	5	2	2
2270	5	2	2
2269	5	2	2
2268	5	2	2
2267	5	2	2
2266	5	2	2
2265	5	2	2
2264	5	2	2
2263	5	2	2
2262	5	2	2
2261	5	2	2
2260	5	2	2
2259	5	2	2
2258	5	2	2
2257	5	2	2
2256	5	2	2
2255	5	2	2
2254	5	2	2
2253	5	2	2
2252	5	2	2
2251	5	2	2
2250	5	2	2
2249	5	2	2
2248	5	2	2
2247	5	2	2
2246	5	2	2
2245	5	2	2
2244	5	2	2
2243	5	2	2
2242	5	2	2
2241	5	2	2
2240	5	2	2
2239	5	2	2
2238	5	2	2
2237	5	2	2
2236	5	2	2
2235	5	2	2
2234	5	2	2
2233	5	2	2
2232	5	2	2
2231	5	2	2
2230	5	2	2
2229	5	2	2
2228	5	2	2
2227	5	2	2
2226	5	2	2
2225	5	2	2
2224	5	2	2
2223	5	2	2
2222	5	2	2
2221	5	2	2
2220	5	2	2
2219	5	2	2
2218	5	2	2
2217	5	2	2
2216	5	2	2
2215	5	2	2
2214	5	2	2
2213	5	2	2
2212	5	2	2
2211	5	2	2
2210	5	2	2
2209	5	2	2
2208	5	2	2
2207	5	2	2
2206	5	2	2
2205	5	2	2
2204	5	2	2
2203	5	2	2
2202	5	2	2
2201	5	2	2
2200	5	2	2
2199	5	2	2
2198	5	2	2
2197	5	2	2
2196	5	2	2
2195	5	2	2
2194	5	2	2
2193	5	2	2
2192	5	2	2
2191	5	2	2
2190	5	2	2
2189	5	2	2
2188	5	2	2
2187	5	2	2
2186	5	2	2
2185	5	2	2
2184	5	2	2
2183	5	2	2
2182	5	2	2
2181	5	2	2
2180	5	2	2
2179	5	2	2
2178	5	2	2
2177	5	2	2
2176	5	2	2
2175	5	2	2
2174	5	2	2
2173	5	2	2
2172	5	2	2
2171	5	2	2
2170	5	2	2
2169	5	2	2
2168	5	2	2
2167	5	2	2
2166	5	2	2
2165	5	2	2
2164	5	2	2
2163	5	2	2
2162	5	2	2
2161	5	2	2
2160	5	2	2
2159	5	2	2
2158	5	2	2
2157	5	2	2
2156	5	2	2
2155	5	2	2
2154	5	2	2
2153	5	2	2
2152	5	2	2
2151	5	2	2
2150	5	2	2
2149	5	2	2
2148	5	2	2
2147	5	2	2
2146	5	2	2
2145	5	2	2
2144	5	2	2
2143	5	2	2
2142	5	2	2
2141	5	2	2
2140	5	2	2
2139	5	2	2
2138	5	2	2
2137	5	2	2
2136	5	2	2
2135	5	2	2
2134	5	2	2
2133	5	2	2
2132	5	2	2
2131	5	2	2
2130	5	2	2
2129	5	2	2
2128	5	2	2
2127	5	2	2
2126	5	2	2
2125	5	2	2
2124	5	2	2
2123	5	2	2
2122	5	2	2
2121	5	2	2
2120	5	2	2
2119	5	2	2
2118	5	2	2
2117	5	2	2
2116	5	2	2
2115	5	2	2
2114	5	2	2
2113	5	2	2
2112	5	2	2
2111	5	2	2
2110	5	2	2
2109	5	2	2
2108	5	2	2
2107	5	2	2
2106	5	2	2
2105	5	2	2
2104	5	2	2
2103	5	2	2
2102	5	2	2
2101	5	2	2
2100	5	2	2
2099	5	2	2
2098	5	2	2
2097	5	2	2
2096	5	2	2
2095	5	2	2
2094	5	2	2
2093	5	2	2
2092	5	2	2
2091	5	2	2
2090	5	2	2
2089	5	2	2
2088	5	2	2
2087	5	2	2
2086	5	2	2
2085	5	2	2
2084	5	2	2
2083	5	2	2
2082	5	2	2
2081	5	2	2
2080	5	2	2
2079	5	2	2
2078	5	2	2
2077	5	2	2
2076	5	2	2
2075	5	2	2
2074	5	2	2
2073	5	2	2
2072	5	2	2
2071	5	2	2
2070	5	2	2
2069	5	2	2
2068	5	2	2
2067	5	2	2
2066	5	2	2
2065	5	2	2
2064	5	2	2
2063	5	2	2
2062	5	2	2
2061	5	2	2
2060	5	2	2
2059	5	2	2
2058	5	2	2
2057	5	2	2
2056	5	2	2
2055	5	2	2
2054	5	2	2
2053	5	2	2
2052	5	2	2
2051	5	2	2
2050	5	2	2
2049	5	2	2
2048	5	2	2
2047	5	2	2
2046	5	2	2
2045	5	2	2
2044	5	2	2
2043	5	2	2
2042	5	2	2
2041	5	2	2
2040	5	2	2
2039	5	2	2
2038	5	2	2
2037	5	2	2
2036	5	2	2
2035	5	2	2
2034	5	2	2
2033	5	2	2
2032	5	2	2
2031	5	2	2
2030	5	2	2
2029	5	2	2
2028	5	2	2
2027	4	2	2
2026	4	2	2
2025	4	2	2
2024	4	2	2
2023	4	2	2
2022	4	2	2
2021	4	2	2
2020	4	2	2
2019	4	2	2
2018	4	2	2
2017	4	2	2
2016	4	2	2
2015	4	2	2
2014	4	2	2
2013	4	2	2
2012	4	2	2
2011	4	2	2
2010	4	2	2
2009	4	2	2
2008	4	2	2
2007	4	2	2
2006	4	2	2
2005	4	2	2
2004	4	2	2
2003	4	2	2
2002	4	2	2
2001	4	2	2
2000	4	2	2
1999	4	2	2
1998	4	2	2
1997	4	2	2
1996	4	2	2
1995	4	2	2
1994	4	2	2
1993	4	2	2
1992	4	2	2
1991	4	2	2
1990	4	2	2
1989	4	2	2
1988	4	2	2
1987	4	2	2
1986	4	2	2
1985	4	2	2
1984	4	2	2
1983	4	2	2
1982	4	2	2
1981	4	2	2
1980	4	2	2
1979	4	2	2
1978	4	2	2
1977	4	2	2
1976	4	2	2
1975	4	2	2
1974	4	2	2
1973	4	2	2
1972	4	2	2
1971	4	2	2
1970	4	2	2
1969	4	2	2
1968	4	2	2
1967	4	2	2
1966	4	2	2
1965	4	2	2
1964	4	2	2
1963	4	2	2
1962	4	2	2
1961	4	2	2
1960	4	2	2
1959	4	2	2
1958	4	2	2
1957	4	2	2
1956	4	2	2
1955	4	2	2
1954	4	2	2
1953	4	2	2
1952	4	2	2
1951	4	2	2
1950	4	2	2
1949	4	2	2
1948	4	2	2
1947	4	2	2
1946	4	2	2
1945	4	2	2
1944	4	2	2
1943	4	2	2
1942	4	2	2
1941	4	2	2
1940	4	2	2
1939	4	2	2
1938	4	2	2
1937	4	2	2
1936	4	2	2
1935	4	2	2
1934	4	2	2
1933	4	2	2
1932	4	2	2
1931	4	2	2
1930	4	2	2
1929	4	2	2
1928	4	2	2
1927	4	2	2
1926	4	2	2
1925	4	2	2
1924	4	2	2
1923	4	2	2
1922	4	2	2
1921	4	2	2
1920	4	2	2
1919	4	2	2
1918	4	2	2
1917	4	2	2
1916	4	2	2
1915	4	2	2
1914	4	2	2
1913	4	2	2
1912	4	2	2
1911	4	2	2
1910	4	2	2
1909	4	2	2
1908	4	2	2
1907	4	2	2
1906	4	2	2
1905	4	2	2
1904	4	2	2
1903	4	2	2
1902	4	2	2
1901	4	2	2
1900	4	2	2
1899	4	2	2
1898	4	2	2
1897	4	2	2
1896	4	2	2
1895	4	2	2
1894	4	2	2
1893	4	2	2
1892	4	2	2
1891	4	2	2
1890	4	2	2
1889	4	2	2
1888	4	2	2
1887	4	2	2
1886	4	2	2
1885	4	2	2
1884	4	2	2
1883	4	2	2
1882	4	2	2
1881	4	2	2
1880	4	2	2
1879	4	2	2
1878	4	2	2
1877	4	2	2
1876	4	2	2
1875	4	2	2
1874	4	2	2
1873	4	2	2
1872	4	2	2
1871	4	2	2
1870	4	2	2
1869	4	2	2
1868	4	2	2
1867	4	2	2
1866	4	2	2
1865	4	2	2
1864	4	2	2
1863	4	2	2
1862	4	2	2
1861	4	2	2
1860	4	2	2
1859	4	2	2
1858	4	2	2
1857	4	2	2
1856	4	2	2
1855	4	2	2
1854	4	2	2
1853	4	2	2
1852	4	2	2
1851	4	2	2
1850	4	2	2
1849	4	2	2
1848	4	2	2
1847	4	2	2
1846	4	2	2
1845	4	2	2
1844	4	2	2
1843	4	2	2
1842	4	2	2
1841	4	2	2
1840	4	2	2
1839	4	2	2
1838	4	2	2
1837	4	2	2
1836	4	2	2
1835	4	2	2
1834	4	2	2
1833	4	2	2
1832	4	2	2
1831	4	2	2
1830	4	2	2
1829	4	2	2
1828	4	2	2
1827	4	2	2
1826	4	2	2
1825	4	2	2
1824	4	2	2
1823	4	2	2
1822	4	2	2
1821	4	2	2
1820	4	2	2
1819	4	2	2
1818	4	2	2
1817	4	2	2
1816	4	2	2
1815	4	2	2
1814	4	2	2
1813	4	2	2
1812	4	2	2
1811	4	2	2
1810	4	2	2
1809	4	2	2
1808	4	2	2
1807	4	2	2
1806	4	2	2
1805	4	2	2
1804	4	2	2
1803	4	2	2
1802	4	2	2
1801	4	2	2
1800	4	2	2
1799	4	2	2
1798	4	2	2
1797	4	2	2
1796	4	2	2
1795	4	2	2
1794	4	2	2
1793	4	2	2
1792	4	2	2
1791	4	2	2
1790	4	2	2
1789	4	2	2
1788	4	2	2
1787	4	2	2
1786	4	2	2
1785	4	2	2
1784	4	2	2
1783	4	2	2
1782	4	2	2
1781	4	2	2
1780	4	2	2
1779	4	2	2
1778	4	2	2
1777	4	2	2
1776	4	2	2
1775	4	2	2
1774	4	2	2
1773	4	2	2
1772	4	2	2
1771	4	2	2
1770	4	2	2
1769	4	2	2
1768	4	2	2
1767	4	2	2
1766	4	2	2
1765	4	2	2
1764	4	2	2
1763	4	2	2
1762	4	2	2
1761	4	2	2
1760	4	2	2
1759	4	2	2
1758	4	2	2
1757	4	2	2
1756	4	2	2
1755	4	2	2
1754	4	2	2
1753	4	2	2
1752	4	2	2
1751	4	2	2
1750	4	2	2
1749	4	2	2
1748	4	2	2
1747	4	2	2
1746	4	2	2
1745	4	2	2
1744	4	2	2
1743	4	2	2
1742	4	2	2
1741	4	2	2
1740	4	2	2
1739	4	2	2
1738	4	2	2
1737	4	2	2
1736	4	2	2
1735	4	2	2
1734	4	2	2
1733	4	2	2
1732	4	2	2
1731	4	2	2
1730	4	2	2
1729	4	2	2
1728	4	2	2
1727	4	2	2
1726	4	2	2
1725	4	2	2
1724	4	2	2
1723	4	2	2
1722	4	2	2
1721	4	2	2
1720	4	2	2
1719	4	2	2
1718	4	2	2
1717	4	2	2
1716	4	2	2
1715	4	2	2
1714	4	2	2
1713	4	2	2
1712	4	2	2
1711	4	2	2
1710	4	2	2
1709	4	2	2
1708	4	2	2
1707	4	2	2
1706	4	2	2
1705	4	2	2
1704	4	2	2
1703	4	2	2
1702	4	2	2
1701	4	2	2
1700	4	2	2
1699	4	2	2
1698	4	2	2
1697	4	2	2
1696	4	2	2
1695	4	2	2
1694	4	2	2
1693	4	2	2
1692	4	2	2
1691	4	2	2
1690	4	2	2
1689	4	2	2
1688	4	2	2
1687	4	2	2
1686	4	2	2
1685	4	2	2
1684	4	2	2
1683	4	2	2
1682	4	2	2
1681	4	2	2
1680	4	2	2
1679	4	2	2
1678	4	2	2
1677	4	2	2
1676	4	2	2
1675	4	2	2
1674	4	2	2
1673	4	2	2
1672	4	2	2
1671	4	2	2
1670	4	2	2
1669	4	2	2
1668	4	2	2
1667	4	2	2
1666	4	2	2
1665	4	2	2
1664	4	2	2
1663	4	2	2
1662	4	2	2
1661	4	2	2
1660	4	2	2
1659	4	2	2
1658	4	2	2
1657	4	2	2
1656	4	2	2
1655	4	2	2
1654	4	2	2
1653	4	2	2
1652	4	2	2
1651	4	2	2
1650	4	2	2
1649	4	2	2
1648	4	2	2
1647	4	2	2
1646	4	2	2
1645	4	2	2
1644	4	2	2
1643	4	2	2
1642	4	2	2
1641	4	2	2
1640	4	2	2
1639	4	2	2
1638	4	2	2
1637	4	2	2
1636	4	2	2
1635	4	2	2
1634	4	2	2
1633	4	2	2
1632	4	2	2
1631	4	2	2
1630	4	2	2
1629	4	2	2
1628	4	2	2
1627	4	2	2
1626	4	2	2
1625	4	2	2
1624	4	2	2
1623	4	2	2
1622	4	2	2
1621	4	2	2
1620	4	2	2
1619	4	2	2
1618	4	2	2
1617	4	2	2
1616	4	2	2
1615	4	2	2
1614	4	2	2
1613	4	2	2
1612	4	2	2
1611	4	2	2
1610	4	2	2
1609	4	2	2
1608	4	2	2
1607	4	2	2
1606	4	2	2
1605	4	2	2
1604	4	2	2
1603	4	2	2
1602	4	2	2
1601	4	2	2
1600	4	2	2
1599	4	2	2
1598	4	2	2
1597	4	2	2
1596	4	2	2
1595	4	2	2
1594	4	2	2
1593	4	2	2
1592	4	2	2
1591	4	2	2
1590	4	2	2
1589	4	2	2
1588	4	2	2
1587	4	2	2
1586	4	2	2
1585	4	2	2
1584	4	2	2
1583	4	2	2
1582	4	2	2
1581	4	2	2
1580	4	2	2
1579	4	2	2
1578	4	2	2
1577	4	2	2
1576	4	2	2
1575	4	2	2
1574	4	2	2
1573	4	2	2
1572	4	2	2
1571	4	2	2
1570	4	2	2
1569	4	2	2
1568	4	2	2
1567	4	2	2
1566	4	2	2
1565	4	2	2
1564	4	2	2
1563	4	2	2
1562	4	2	2
1561	4	2	2
1560	4	2	2
1559	4	2	2
1558	4	2	2
1557	4	2	2
1556	4	2	2
1555	4	2	2
1554	4	2	2
1553	4	2	2
1552	4	2	2
1551	4	2	2
1550	4	2	2
1549	4	2	2
1548	4	2	2
1547	4	2	2
1546	4	2	2
1545	4	2	2
1544	4	2	2
1543	4	2	2
1542	4	2	2
1541	4	2	2
1540	4	2	2
1539	4	2	2
1538	4	2	2
1537	4	2	2
1536	4	2	2
1535	4	2	2
1534	4	2	2
1533	4	2	2
1532	4	2	2
1531	4	2	2
1530	4	2	2
1529	4	2	2
1528	4	2	2
1527	4	2	2
1526	4	2	2
1525	4	2	2
1524	4	2	2
1523	4	2	2
1522	4	2	2
1521	4	2	2
1520	4	2	2
1519	4	2	2
1518	4	2	2
1517	4	2	2
1516	4	2	2
1515	4	2	2
1514	4	2	2
1513	4	2	2
1512	4	2	2
1511	4	2	2
1510	4	2	2
1509	4	2	2
1508	4	2	2
1507	4	2	2
1506	4	2	2
1505	4	2	2
1504	4	2	2
1503	4	2	2
1502	4	2	2
1501	4	2	2
1500	4	2	2
1499	4	2	2
1498	4	2	2
1497	4	2	2
1496	4	2	2
1495	4	2	2
1494	4	2	2
1493	4	2	2
1492	4	2	2
1491	4	2	2
1490	4	2	2
1489	4	2	2
1488	4	1	2
1487	4	1	2
1486	4	1	2
1485	4	1	2
1484	4	1	2
1483	4	1	2
1482	4	1	2
1481	4	1	2
1480	4	1	2
1479	4	1	2
1478	4	1	2
1477	4	1	2
1476	4	1	2
1475	4	1	2
1474	4	1	2
1473	4	1	2
1472	4	1	2
1471	4	1	2
1470	4	1	2
1469	4	1	2
1468	4	1	2
1467	4	1	2
1466	4	1	2
1465	4	1	2
1464	4	1	2
1463	4	1	2
1462	4	1	2
1461	4	1	2
1460	4	1	2
1459	4	1	2
1458	4	1	2
1457	4	1	2
1456	4	1	2
1455	4	1	2
1454	4	1	2
1453	4	1	2
1452	4	1	2
1451	4	1	2
1450	4	1	2
1449	4	1	2
1448	4	1	2
1447	4	1	2
1446	4	1	2
1445	4	1	2
1444	4	1	2
1443	4	1	2
1442	4	1	2
1441	4	1	2
1440	4	1	2
1439	4	1	2
1438	4	1	2
1437	4	1	2
1436	4	1	2
1435	4	1	2
1434	4	1	2
1433	4	1	2
1432	4	1	2
1431	4	1	2
1430	4	1	2
1429	4	1	2
1428	4	1	2
1427	4	1	2
1426	4	1	2
1425	4	1	2
1424	4	1	2
1423	4	1	2
1422	4	1	2
1421	4	1	2
1420	4	1	2
1419	4	1	2
1418	4	1	2
1417	4	1	2
1416	4	1	2
1415	4	1	2
1414	4	1	2
1413	4	1	2
1412	4	1	2
1411	4	1	2
1410	4	1	2
1409	4	1	2
1408	4	1	2
1407	4	1	2
1406	4	1	2
1405	4	1	2
1404	4	1	2
1403	4	1	2
1402	4	1	2
1401	4	1	2
1400	4	1	2
1399	4	1	2
1398	4	1	2
1397	4	1	2
1396	4	1	2
1395	4	1	2
1394	4	1	2
1393	4	1	2
1392	4	1	2
1391	4	1	2
1390	4	1	2
1389	4	1	2
1388	4	1	2
1387	4	1	2
1386	4	1	2
1385	4	1	2
1384	4	1	2
1383	4	1	2
1382	4	1	2
1381	4	1	2
1380	4	1	2
1379	3	1	2
1378	3	1	2
1377	3	1	2
1376	3	1	2
1375	3	1	2
1374	3	1	2
1373	3	1	2
1372	3	1	2
1371	3	1	2
1370	3	1	2
1369	3	1	2
1368	3	1	2
1367	3	1	2
1366	3	1	2
1365	3	1	2
1364	3	1	2
1363	3	1	1
1362	3	1	1
1361	3	1	1
1360	3	1	1
1359	3	1	1
1358	3	1	1
1357	3	1	1
1356	3	1	1
1355	3	1	1
1354	3	1	1
1353	3	1	1
1352	3	1	1
1351	3	1	1
1350	3	1	1
1349	3	1	1
1348	3	1	1
1347	3	1	1
1346	3	1	1
1345	3	1	1
1344	3	1	1
1343	3	1	1
1342	3	1	1
1341	3	1	1
1340	3	1	1
1339	3	1	1
1338	3	1	1
1337	3	1	1
1336	3	1	1
1335	3	1	1
1334	3	1	1
1333	3	1	1
1332	3	1	1
1331	3	1	1
1330	3	1	1
1329	3	1	1
1328	3	1	1
1327	3	1	1
1326	3	1	1
1325	3	1	1
1324	3	1	1
1323	3	1	1
1322	3	1	1
1321	3	1	1
1320	3	1	1
1319	3	1	1
1318	3	1	1
1317	3	1	1
1316	3	1	1
1315	3	1	1
1314	3	1	1
1313	3	1	1
1312	3	1	1
1311	3	1	1
1310	3	1	1
1309	3	1	1
1308	3	1	1
1307	3	1	1
1306	3	1	1
1305	3	1	1
1304	3	1	1
1303	3	1	1
1302	3	1	1
1301	3	1	1
1300	3	1	1
1299	3	1	1
1298	3	1	1
1297	3	1	1
1296	3	1	1
1295	3	1	1
1294	3	1	1
1293	3	1	1
1292	3	1	1
1291	3	1	1
1290	3	1	1
1289	3	1	1
1288	3	1	1
1287	3	1	1
1286	3	1	1
1285	3	1	1
1284	3	1	1
1283	3	1	1
1282	3	1	1
1281	3	1	1
1280	3	1	1
1279	3	1	1
1278	3	1	1
1277	3	1	1
1276	3	1	1
1275	3	1	1
1274	3	1	1
1273	3	1	1
1272	3	1	1
1271	3	1	1
1270	3	1	1
1269	3	1	1
1268	3	1	1
1267	3	1	1
1266	3	1	1
1265	3	1	1
1264	3	1	1
1263	3	1	1
1262	3	1	1
1261	3	1	1
1260	3	1	1
1259	3	1	1
1258	3	1	1
1257	3	1	1
1256	3	1	1
1255	3	1	1
1254	3	1	1
1253	3	1	1
1252	3	1	1
1251	3	1	1
1250	3	1	1
1249	3	1	1
1248	3	1	1
1247	3	1	1
1246	3	1	1
1245	3	1	1
1244	3	1	1
1243	3	1	1
1242	3	1	1
1241	3	1	1
1240	3	1	1
1239	3	1	1
1238	3	1	1
1237	3	1	1
1236	3	1	1
1235	3	1	1
1234	3	1	1
1233	3	1	1
1232	3	1	1
1231	3	1	1
1230	3	1	1
1229	3	1	1
1228	3	1	1
1227	3	1	1
1226	3	1	1
1225	3	1	1
1224	3	1	1
1223	3	1	1
1222	3	1	1
1221	3	1	1
1220	3	1	1
1219	3	1	1
1218	3	1	1
1217	3	1	1
1216	3	1	1
1215	3	1	1
1214	3	1	1
1213	3	1	1
1212	3	1	1
1211	3	1	1
1210	3	1	1
1209	3	1	1
1208	3	1	1
1207	3	1	1
1206	3	1	1
1205	3	1	1
1204	3	1	1
1203	3	1	1
1202	3	1	1
1201	3	1	1
1200	3	1	1
1199	3	1	1
1198	3	1	1
1197	3	1	1
1196	3	1	1
1195	3	1	1
1194	3	1	1
1193	3	1	1
1192	3	1	1
1191	3	1	1
1190	3	1	1
1189	3	1	1
1188	3	1	1
1187	3	1	1
1186	3	1	1
1185	3	1	1
1184	3	1	1
1183	3	1	1
1182	3	1	1
1181	3	1	1
1180	3	1	1
1179	3	1	1
1178	3	1	1
1177	3	1	1
1176	3	1	1
1175	3	1	1
1174	3	1	1
1173	3	1	1
1172	3	1	1
1171	3	1	1
1170	3	1	1
1169	3	1	1
1168	3	1	1
1167	3	1	1
1166	3	1	1
1165	3	1	1
1164	3	1	1
1163	3	1	1
1162	3	1	1
1161	3	1	1
1160	3	1	1
1159	3	1	1
1158	3	1	1
1157	3	1	1
1156	3	1	1
1155	3	1	1
1154	3	1	1
1153	3	1	1
1152	3	1	1
1151	3	1	1
1150	3	1	1
1149	3	1	1
1148	3	1	1
1147	3	1	1
1146	3	1	1
1145	3	1	1
1144	3	1	1
1143	3	1	1
1142	3	1	1
1141	3	1	1
1140	3	1	1
1139	3	1	1
1138	3	1	1
1137	3	1	1
1136	3	1	1
1135	3	1	1
1134	3	1	1
1133	3	1	1
1132	3	1	1
1131	3	1	1
1130	3	1	1
1129	3	1	1
1128	3	1	1
1127	3	1	1
1126	3	1	1
1125	3	1	1
1124	3	1	1
1123	3	1	1
1122	3	1	1
1121	3	1	1
1120	3	1	1
1119	3	1	1
1118	3	1	1
1117	3	1	1
1116	3	1	1
1115	3	1	1
1114	3	1	1
1113	3	1	1
1112	3	1	1
1111	3	1	1
1110	3	1	1
1109	3	1	1
1108	3	1	1
1107	3	1	1
1106	3	1	1
1105	3	1	1
1104	3	1	1
1103	3	1	1
1102	3	1	1
1101	3	1	1
1100	3	1	1
1099	3	1	1
1098	3	1	1
1097	3	1	1
1096	3	1	1
1095	3	1	1
1094	3	1	1
1093	3	1	1
1092	3	1	1
1091	3	1	1
1090	3	1	1
1089	3	1	1
1088	3	1	1
1087	3	1	1
1086	3	1	1
1085	3	1	1
1084	3	1	1
1083	3	1	1
1082	3	1	1
1081	3	1	1
1080	3	1	1
1079	3	1	1
1078	3	1	1
1077	3	1	1
1076	3	1	1
1075	3	1	1
1074	3	1	1
1073	3	1	1
1072	3	1	1
1071	3	1	1
1070	3	1	1
1069	3	1	1
1068	3	1	1
1067	3	1	1
1066	3	1	1
1065	3	1	1
1064	3	1	1
1063	3	1	1
1062	3	1	1
1061	3	1	1
1060	3	1	1
1059	3	1	1
1058	3	1	1
1057	3	1	1
1056	3	1	1
1055	3	1	1
1054	3	1	1
1053	3	1	1
1052	3	1	1
1051	3	1	1
1050	3	1	1
1049	3	1	1
1048	3	1	1
1047	3	1	1
1046	3	1	1
1045	3	1	1
1044	3	1	1
1043	3	1	1
1042	3	1	1
1041	3	1	1
1040	3	1	1
1039	3	1	1
1038	3	1	1
1037	3	1	1
1036	3	1	1
1035	3	1	1
1034	3	1	1
1033	3	1	1
1032	3	1	1
1031	3	1	1
1030	3	1	1
1029	3	1	1
1028	3	1	1
1027	3	1	1
1026	3	1	1
1025	3	1	1
1024	3	1	1
1023	3	1	1
1022	3	1	1
1021	3	1	1
1020	3	1	1
1019	3	1	1
1018	3	1	1
1017	3	1	1
1016	3	1	1
1015	3	1	1
1014	3	1	1
1013	3	1	1
1012	3	1	1
1011	3	1	1
1010	3	1	1
1009	3	1	1
1008	3	1	1
1007	3	1	1
1006	3	1	1
1005	3	1	1
1004	3	1	1
1003	3	1	1
1002	3	1	1
1001	3	1	1
1000	3	1	1
999	3	1	1
998	3	1	1
997	3	1	1
996	3	1	1
995	3	1	1
994	3	1	1
993	3	1	1
992	3	1	1
991	3	1	1
990	3	1	1
989	3	1	1
988	3	1	1
987	3	1	1
986	3	1	1
985	3	1	1
984	3	1	1
983	3	1	1
982	3	1	1
981	3	1	1
980	3	1	1
979	3	1	1
978	3	1	1
977	3	1	1
976	3	1	1
975	3	1	1
974	3	1	1
973	3	1	1
972	3	1	1
971	3	1	1
970	3	1	1
969	3	1	1
968	3	1	1
967	3	1	1
966	3	1	1
965	3	1	1
964	3	1	1
963	3	1	1
962	3	1	1
961	3	1	1
960	3	1	1
959	3	1	1
958	3	1	1
957	3	1	1
956	3	1	1
955	3	1	1
954	3	1	1
953	3	1	1
952	3	1	1
951	3	1	1
950	3	1	1
949	3	1	1
948	3	1	1
947	3	1	1
946	3	1	1
945	3	1	1
944	3	1	1
943	3	1	1
942	3	1	1
941	3	1	1
940	3	1	1
939	3	1	1
938	3	1	1
937	3	1	1
936	3	1	1
935	3	1	1
934	3	1	1
933	3	1	1
932	3	1	1
931	3	1	1
930	3	1	1
929	3	1	1
928	3	1	1
927	3	1	1
926	3	1	1
925	3	1	1
924	3	1	1
923	3	1	1
922	3	1	1
921	3	1	1
920	3	1	1
919	3	1	1
918	3	1	1
917	3	1	1
916	3	1	1
915	3	1	1
914	3	1	1
913	3	1	1
912	3	1	1
911	3	1	1
910	3	1	1
909	3	1	1
908	3	1	1
907	3	1	1
906	3	1	1
905	3	1	1
904	3	1	1
903	3	1	1
902	3	1	1
901	3	1	1
900	3	1	1
899	3	1	1
898	3	1	1
897	3	1	1
896	3	1	1
895	3	1	1
894	3	1	1
893	3	1	1
892	3	1	1
891	3	1	1
890	3	1	1
889	3	1	1
888	3	1	1
887	3	1	1
886	3	1	1
885	3	1	1
884	3	1	1
883	3	1	1
882	3	1	1
881	3	1	1
880	3	1	1
879	3	1	1
878	3	1	1
877	3	1	1
876	3	1	1
875	3	1	1
874	3	1	1
873	3	1	1
872	3	1	1
871	3	1	1
870	3	1	1
869	3	1	1
868	3	1	1
867	3	1	1
866	3	1	1
865	3	1	1
864	3	1	1
863	3	1	1
862	3	1	1
861	3	1	1
860	3	1	1
859	3	1	1
858	3	1	1
857	3	1	1
856	3	1	1
855	3	1	1
854	3	1	1
853	3	1	1
852	3	1	1
851	3	1	1
850	3	1	1
849	3	1	1
848	3	1	1
847	3	1	1
846	3	1	1
845	3	1	1
844	3	1	1
843	3	1	1
842	3	1	1
841	3	1	1
840	3	1	1
839	3	1	1
838	3	1	1
837	3	1	1
836	3	1	1
835	3	1	1
834	3	1	1
833	3	1	1
832	3	1	1
831	3	1	1
830	3	1	1
829	3	1	1
828	3	1	1
827	3	1	1
826	3	1	1
825	3	1	1
824	3	1	1
823	3	1	1
822	3	1	1
821	3	1	1
820	3	1	1
819	3	1	1
818	3	1	1
817	3	1	1
816	3	1	1
815	3	1	1
814	3	1	1
813	3	1	1
812	3	1	1
811	3	1	1
810	3	1	1
809	3	1	1
808	3	1	1
807	3	1	1
806	3	1	1
805	3	1	1
804	3	1	1
803	3	1	1
802	3	1	1
801	3	1	1
800	3	1	1
799	3	1	1
798	3	1	1
797	3	1	1
796	3	1	1
795	3	1	1
794	3	1	1
793	3	1	1
792	3	1	1
791	3	1	1
790	3	1	1
789	3	1	1
788	3	1	1
787	3	1	1
786	3	1	1
785	3	1	1
784	3	1	1
783	3	1	1
782	3	1	1
781	3	1	1
780	3	1	1
779	3	1	1
778	3	1	1
777	3	1	1
776	3	1	1
775	3	1	1
774	3	1	1
773	3	1	1
772	3	1	1
771	3	1	1
770	3	1	1
769	3	1	1
768	3	1	1
767	3	1	1
766	3	1	1
765	3	1	1
764	3	1	1
763	3	1	1
762	3	1	1
761	3	1	1
760	3	1	1
759	2	1	1
758	2	1	1
757	2	1	1
756	2	1	1
755	2	1	1
754	2	1	1
753	2	1	1
752	2	1	1
751	2	1	1
750	2	1	1
749	2	1	1
748	2	1	1
747	2	1	1
746	2	1	1
745	2	1	1
744	2	1	1
743	2	1	1
742	2	1	1
741	2	1	1
740	2	1	1
739	2	1	1
738	2	1	1
737	2	1	1
736	2	1	1
735	2	1	1
734	2	1	1
733	2	1	1
732	2	1	1
731	2	1	1
730	2	1	1
729	2	1	1
728	2	1	1
727	2	1	1
726	2	1	1
725	2	1	1
724	2	1	1
723	2	1	1
722	2	1	1
721	2	1	1
720	2	1	1
719	2	1	1
718	2	1	1
717	2	1	1
716	2	1	1
715	2	1	1
714	2	1	1
713	2	1	1
712	2	1	1
711	2	1	1
710	2	1	1
709	2	1	1
708	2	1	1
707	2	1	1
706	2	1	1
705	2	1	1
704	2	1	1
703	2	1	1
702	2	1	1
701	2	1	1
700	2	1	1
699	2	1	1
698	2	1	1
697	2	1	1
696	2	1	1
695	2	1	1
694	2	1	1
693	2	1	1
692	2	1	1
691	2	1	1
690	2	1	1
689	2	1	1
688	2	1	1
687	2	1	1
686	2	1	1
685	2	1	1
684	2	1	1
683	2	1	1
682	2	1	1
681	2	1	1
680	2	1	1
679	2	1	1
678	2	1	1
677	2	1	1
676	2	1	1
675	2	1	1
674	2	1	1
673	2	1	1
672	2	1	1
671	2	1	1
670	2	1	1
669	2	1	1
668	2	1	1
667	2	1	1
666	2	1	1
665	2	1	1
664	2	1	1
663	2	1	1
662	2	1	1
661	2	1	1
660	2	1	1
659	2	1	1
658	2	1	1
657	2	1	1
656	2	1	1
655	2	1	1
654	2	1	1
653	2	1	1
652	2	1	1
651	2	1	1
650	2	1	1
649	2	1	1
648	2	1	1
647	2	1	1
646	2	1	1
645	2	1	1
644	2	1	1
643	2	1	1
642	2	1	1
641	2	1	1
640	2	1	1
639	2	1	1
638	2	1	1
637	2	1	1
636	2	1	1
635	2	1	1
634	2	1	1
633	2	1	1
632	2	1	1
631	2	1	1
630	2	1	1
629	2	1	1
628	2	1	1
627	2	1	1
626	2	1	1
625	2	1	1
624	2	1	1
623	2	1	1
622	2	1	1
621	2	1	1
620	2	1	1
619	2	1	1
618	2	1	1
617	2	1	1
616	2	1	1
615	2	1	1
614	2	1	1
613	2	1	1
612	2	1	1
611	2	1	1
610	2	1	1
609	2	1	1
608	2	1	1
607	2	1	1
606	2	1	1
605	2	1	1
604	2	1	1
603	2	1	1
602	2	1	1
601	2	1	1
600	2	1	1
599	2	1	1
598	2	1	1
597	2	1	1
596	2	1	1
595	2	1	1
594	2	1	1
593	2	1	1
592	2	1	1
591	2	1	1
590	2	1	1
589	2	1	1
588	2	1	1
587	2	1	1
586	2	1	1
585	2	1	1
584	2	1	1
583	2	1	1
582	2	1	1
581	2	1	1
580	2	1	1
579	2	1	1
578	2	1	1
577	2	1	1
576	2	1	1
575	2	1	1
574	2	1	1
573	2	1	1
572	2	1	1
571	2	1	1
570	2	1	1
569	2	1	1
568	2	1	1
567	2	1	1
566	2	1	1
565	2	1	1
564	2	1	1
563	2	1	1
562	2	1	1
561	2	1	1
560	2	1	1
559	2	1	1
558	2	1	1
557	2	1	1
556	2	1	1
555	2	1	1
554	2	1	1
553	2	1	1
552	2	1	1
551	2	1	1
550	2	1	1
549	2	1	1
548	2	1	1
547	2	1	1
546	2	1	1
545	2	1	1
544	2	1	1
543	2	1	1
542	2	1	1
541	2	1	1
540	2	1	1
539	2	1	1
538	2	1	1
537	2	1	1
536	2	1	1
535	2	1	1
534	2	1	1
533	2	1	1
532	2	1	1
531	2	1	1
530	2	1	1
529	2	1	1
528	2	1	1
527	2	1	1
526	2	1	1
525	2	1	1
524	2	1	1
523	2	1	1
522	2	1	1
521	2	1	1
520	2	1	1
519	2	1	1
518	2	1	1
517	2	1	1
516	2	1	1
515	2	1	1
514	2	1	1
513	2	1	1
512	2	1	1
511	2	1	1
510	2	1	1
509	2	1	1
508	2	1	1
507	2	1	1
506	2	1	1
505	2	1	1
504	2	1	1
503	2	1	1
502	2	1	1
501	2	1	1
500	2	1	1
499	2	1	1
498	2	1	1
497	2	1	1
496	2	1	1
495	2	1	1
494	2	0	1
493	2	0	1
492	2	0	1
491	2	0	1
490	2	0	1
489	2	0	1
488	2	0	1
487	2	0	1
486	2	0	1
485	2	0	1
484	2	0	1
483	2	0	1
482	2	0	1
481	2	0	1
480	2	0	1
479	2	0	1
478	2	0	1
477	2	0	1
476	2	0	1
475	2	0	1
474	2	0	1
473	2	0	1
472	2	0	1
471	2	0	1
470	2	0	1
469	2	0	1
468	2	0	1
467	2	0	1
466	2	0	1
465	2	0	1
464	2	0	1
463	2	0	1
462	2	0	1
461	2	0	1
460	2	0	1
459	2	0	1
458	2	0	1
457	2	0	1
456	2	0	1
455	2	0	1
454	2	0	1
453	2	0	1
452	2	0	1
451	2	0	1
450	2	0	1
449	2	0	1
448	2	0	1
447	2	0	1
446	2	0	1
445	2	0	1
444	2	0	1
443	2	0	1
442	2	0	1
441	2	0	1
440	2	0	1
439	2	0	1
438	2	0	1
437	2	0	1
436	2	0	1
435	2	0	1
434	2	0	0
433	2	0	0
432	2	0	0
431	2	0	0
430	2	0	0
429	2	0	0
428	2	0	0
427	2	0	0
426	2	0	0
425	2	0	0
424	2	0	0
423	2	0	0
422	2	0	0
421	2	0	0
420	2	0	0
419	2	0	0
418	2	0	0
417	2	0	0
416	2	0	0
415	2	0	0
414	2	0	0
413	2	0	0
412	2	0	0
411	2	0	0
410	2	0	0
409	2	0	0
408	2	0	0
407	2	0	0
406	2	0	0
405	2	0	0
404	2	0	0
403	2	0	0
402	2	0	0
401	2	0	0
400	2	0	0
399	2	0	0
398	2	0	0
397	2	0	0
396	2	0	0
395	2	0	0
394	2	0	0
393	2	0	0
392	2	0	0
391	2	0	0
390	2	0	0
389	2	0	0
388	2	0	0
387	2	0	0
386	2	0	0
385	2	0	0
384	2	0	0
383	2	0	0
382	2	0	0
381	2	0	0
380	2	0	0
379	2	0	0
378	2	0	0
377	2	0	0
376	2	0	0
375	2	0	0
374	2	0	0
373	2	0	0
372	2	0	0
371	2	0	0
370	2	0	0
369	2	0	0
368	2	0	0
367	2	0	0
366	2	0	0
365	2	0	0
364	2	0	0
363	2	0	0
362	2	0	0
361	2	0	0
360	2	0	0
359	2	0	0
358	2	0	0
357	2	0	0
356	2	0	0
355	2	0	0
354	2	0	0
353	2	0	0
352	2	0	0
351	2	0	0
350	2	0	0
349	2	0	0
348	2	0	0
347	2	0	0
346	2	0	0
345	2	0	0
344	2	0	0
343	2	0	0
342	2	0	0
341	2	0	0
340	2	0	0
339	2	0	0
338	2	0	0
337	2	0	0
336	2	0	0
335	2	0	0
334	2	0	0
333	2	0	0
332	2	0	0
331	2	0	0
330	2	0	0
329	2	0	0
328	2	0	0
327	2	0	0
326	2	0	0
325	2	0	0
324	2	0	0
323	2	0	0
322	2	0	0
321	2	0	0
320	2	0	0
319	2	0	0
318	2	0	0
317	2	0	0
316	2	0	0
315	2	0	0
314	2	0	0
313	2	0	0
312	2	0	0
311	2	0	0
310	2	0	0
309	2	0	0
308	2	0	0
307	2	0	0
306	2	0	0
305	2	0	0
304	2	0	0
303	2	0	0
302	2	0	0
301	2	0	0
300	2	0	0
299	2	0	0
298	2	0	0
297	2	0	0
296	2	0	0
295	2	0	0
294	2	0	0
293	2	0	0
292	2	0	0
291	2	0	0
290	2	0	0
289	2	0	0
288	1	0	0
287	1	0	0
286	1	0	0
285	1	0	0
284	1	0	0
283	1	0	0
282	1	0	0
281	1	0	0
280	1	0	0
279	1	0	0
278	1	0	0
277	1	0	0
276	1	0	0
275	1	0	0
274	1	0	0
273	1	0	0
272	1	0	0
271	1	0	0
270	1	0	0
269	1	0	0
268	1	0	0
267	1	0	0
266	1	0	0
265	1	0	0
264	1	0	0
263	1	0	0
262	1	0	0
261	1	0	0
260	1	0	0
259	1	0	0
258	1	0	0
257	1	0	0
256	1	0	0
255	1	0	0
254	1	0	0
253	1	0	0
252	1	0	0
251	1	0	0
250	1	0	0
249	1	0	0
248	1	0	0
247	1	0	0
246	1	0	0
245	1	0	0
244	1	0	0
243	1	0	0
242	1	0	0
241	1	0	0
240	1	0	0
239	1	0	0
238	1	0	0
237	1	0	0
236	1	0	0
235	1	0	0
234	1	0	0
233	1	0	0
232	1	0	0
231	1	0	0
230	1	0	0
229	1	0	0
228	1	0	0
227	1	0	0
226	1	0	0
225	1	0	0
224	1	0	0
223	1	0	0
222	1	0	0
221	1	0	0
220	1	0	0
219	1	0	0
218	1	0	0
217	1	0	0
216	1	0	0
215	1	0	0
214	1	0	0
213	1	0	0
212	1	0	0
211	1	0	0
210	1	0	0
209	1	0	0
208	1	0	0
207	1	0	0
206	1	0	0
205	1	0	0
204	1	0	0
203	1	0	0
202	1	0	0
201	1	0	0
200	1	0	0
199	1	0	0
198	1	0	0
197	1	0	0
196	1	0	0
195	1	0	0
194	1	0	0
193	1	0	0
192	1	0	0
191	1	0	0
190	1	0	0
189	1	0	0
188	1	0	0
187	1	0	0
186	1	0	0
185	1	0	0
184	1	0	0
183	1	0	0
182	1	0	0
181	1	0	0
180	1	0	0
179	1	0	0
178	1	0	0
177	1	0	0
176	1	0	0
175	1	0	0
174	1	0	0
173	1	0	0
172	1	0	0
171	1	0	0
170	1	0	0
169	1	0	0
168	1	0	0
167	1	0	0
166	1	0	0
165	1	0	0
164	1	0	0
163	1	0	0
162	1	0	0
161	1	0	0
160	1	0	0
159	1	0	0
158	1	0	0
157	1	0	0
156	1	0	0
155	1	0	0
154	1	0	0
153	1	0	0
152	1	0	0
151	1	0	0
150	1	0	0
149	1	0	0
148	1	0	0
147	1	0	0
146	1	0	0
145	1	0	0
144	1	0	0
143	1	0	0
142	1	0	0
141	1	0	0
140	1	0	0
139	1	0	0
138	1	0	0
137	1	0	0
136	1	0	0
135	1	0	0
134	1	0	0
133	1	0	0
132	1	0	0
131	1	0	0
130	1	0	0
129	1	0	0
128	1	0	0
127	1	0	0
126	1	0	0
125	1	0	0
124	1	0	0
123	1	0	0
122	1	0	0
121	1	0	0
120	1	0	0
119	1	0	0
118	1	0	0
117	1	0	0
116	1	0	0
115	1	0	0
114	1	0	0
113	1	0	0
112	1	0	0
111	1	0	0
110	1	0	0
109	1	0	0
108	1	0	0
107	1	0	0
106	1	0	0
105	1	0	0
104	1	0	0
103	1	0	0
102	1	0	0
101	1	0	0
100	1	0	0
99	1	0	0
98	1	0	0
97	1	0	0
96	1	0	0
95	1	0	0
94	1	0	0
93	1	0	0
92	1	0	0
91	1	0	0
90	1	0	0
89	1	0	0
88	1	0	0
87	1	0	0
86	1	0	0
85	1	0	0
84	1	0	0
83	1	0	0
82	1	0	0
81	1	0	0
80	1	0	0
79	1	0	0
78	1	0	0
77	1	0	0
76	1	0	0
75	1	0	0
74	1	0	0
73	1	0	0
72	1	0	0
71	1	0	0
70	1	0	0
69	1	0	0
68	1	0	0
67	1	0	0
66	1	0	0
65	1	0	0
64	1	0	0
63	1	0	0
62	1	0	0
61	1	0	0
60	1	0	0
59	1	0	0
58	0	0	0
57	0	0	0
56	0	0	0
55	0	0	0
54	0	0	0
53	0	0	0
52	0	0	0
51	0	0	0
50	0	0	0
49	0	0	0
48	0	0	0
47	0	0	0
46	0	0	0
45	0	0	0
44	0	0	0
43	0	0	0
42	0	0	0
41	0	0	0
40	0	0	0
39	0	0	0
38	0	0	0
37	0	0	0
36	0	0	0
35	0	0	0
34	0	0	0
33	0	0	0
32	0	0	0
31	0	0	0
30	0	0	0
29	0	0	0
28	0	0	0
27	0	0	0
26	0	0	0
25	0	0	0
24	0	0	0
23	0	0	0
22	0	0	0
21	0	0	0
20	0	0	0
19	0	0	0
18	0	0	0
17	0	0	0
16	0	0	0
15	0	0	0
14	0	0	0
13	0	0	0
12	0	0	0
11	0	0	0
10	0	0	0
9	0	0	0
8	0	0	0
7	0	0	0
6	0	0	0
5	0	0	0
4	0	0	0
3	0	0	0
2	0	0	0
1	0	0	0
