54, 102, 103, 139, 48, 17, 118, 92, 125, 37
36, 134, 135, 139, 44, 13, 110, 47, 18, 121
65, 133, 39, 73, 106, 46, 115, 84, 56, 125
64, 63, 74, 16, 85, 58, 59, 28, 29, 95
33, 97, 108, 44, 77, 115, 116, 117, 62, 63
32, 37, 39, 73, 74, 111, 114, 87, 91, 125
66, 113, 110, 79, 49, 82, 22, 56, 90, 122
98, 102, 42, 109, 112, 52, 116, 122, 28, 29
32, 131, 69, 9, 77, 115, 54, 87, 58, 124
35, 134, 8, 11, 15, 67, 20, 117, 87, 126
96, 67, 132, 42, 77, 49, 131, 53, 56, 89
32, 34, 72, 9, 106, 43, 45, 57, 25, 28
130, 15, 83, 52, 22, 87, 56, 25, 27, 31
1, 130, 37, 71, 40, 42, 50, 57, 58, 69
128, 99, 39, 136, 103, 44, 120, 24, 57, 125
96, 32, 133, 9, 75, 12, 77, 58, 59, 92
65, 34, 67, 68, 51, 39, 135, 109, 3, 84
0, 136, 49, 115, 53, 54, 89, 121, 95, 127
1, 100, 70, 73, 139, 108, 109, 86, 24, 28
69, 105, 23, 93, 113, 50, 117, 119, 87, 61
64, 129, 69, 71, 9, 43, 81, 50, 86, 29
133, 134, 136, 41, 72, 84, 119, 89, 27, 61
129, 139, 6, 137, 75, 12, 89, 90, 91, 62
96, 115, 72, 41, 42, 46, 79, 81, 19, 28
33, 18, 35, 135, 45, 14, 79, 114, 88, 61
48, 75, 43, 12, 80, 11, 53, 88, 121, 27
129, 33, 137, 139, 48, 52, 122, 123, 92, 61
33, 41, 106, 12, 78, 21, 25, 117, 85, 127
3, 102, 7, 136, 138, 11, 18, 83, 23, 124
65, 99, 102, 7, 75, 3, 84, 20, 59, 126
35, 36, 69, 139, 79, 115, 85, 122, 31, 127
36, 137, 138, 12, 109, 47, 54, 90, 30, 63
33, 5, 97, 8, 137, 138, 11, 47, 57, 15
32, 91, 4, 43, 58, 24, 90, 27, 92, 26
16, 98, 99, 40, 11, 110, 79, 80, 43, 91
69, 9, 42, 110, 80, 86, 73, 24, 30, 63
128, 1, 41, 46, 113, 82, 30, 89, 126, 31
0, 64, 67, 5, 102, 73, 109, 13, 60, 93
100, 108, 45, 46, 48, 51, 116, 118, 90, 63
2, 67, 101, 71, 43, 14, 16, 84, 92, 5
34, 102, 103, 136, 138, 44, 66, 13, 48, 82
36, 103, 23, 120, 51, 117, 119, 88, 27, 21
64, 35, 71, 10, 7, 13, 48, 84, 23, 124
129, 34, 33, 39, 11, 116, 117, 25, 61, 20
1, 66, 4, 40, 14, 79, 114, 83, 78, 62
68, 38, 11, 46, 113, 86, 24, 100, 60, 127
2, 36, 101, 38, 45, 113, 23, 120, 89, 133
32, 1, 131, 101, 102, 72, 51, 55, 69, 31
0, 38, 40, 105, 42, 108, 86, 25, 26, 63
130, 70, 6, 10, 17, 51, 54, 123, 60, 126
96, 83, 13, 111, 81, 114, 19, 116, 20, 58
38, 81, 41, 76, 110, 47, 16, 49, 120, 123
128, 131, 7, 72, 107, 12, 81, 87, 89, 26
96, 69, 70, 71, 10, 17, 121, 25, 60, 138
0, 133, 49, 104, 106, 17, 8, 31, 101, 63
128, 68, 107, 76, 47, 86, 87, 120, 90, 111
130, 6, 74, 12, 2, 78, 116, 117, 118, 10
32, 97, 99, 135, 136, 11, 13, 14, 113, 123
65, 3, 69, 33, 8, 137, 13, 15, 50, 126
3, 72, 108, 15, 82, 85, 118, 119, 29, 127
67, 37, 107, 108, 109, 45, 49, 131, 53, 93
96, 132, 101, 43, 19, 21, 119, 24, 100, 26
99, 4, 76, 75, 44, 112, 108, 82, 22, 123
35, 4, 38, 103, 48, 3, 54, 132, 124, 31
3, 100, 37, 73, 42, 107, 82, 20, 91, 127
129, 2, 131, 134, 130, 16, 58, 29, 94, 95
98, 68, 6, 40, 73, 74, 75, 44, 116, 86
37, 70, 39, 72, 9, 10, 108, 16, 60, 93
66, 131, 133, 70, 45, 77, 16, 85, 55, 122
35, 135, 8, 13, 47, 19, 20, 53, 58, 30
67, 68, 102, 104, 49, 18, 115, 53, 123, 85
39, 136, 105, 42, 75, 13, 20, 53, 118, 93
67, 134, 75, 47, 11, 52, 21, 23, 89, 59
64, 66, 35, 5, 76, 2, 112, 18, 88, 37
97, 66, 3, 5, 138, 56, 120, 88, 106, 95
66, 71, 72, 98, 15, 22, 25, 124, 29, 62
129, 134, 135, 73, 107, 51, 55, 121, 125, 62
4, 8, 10, 107, 15, 117, 87, 68, 122, 85
96, 129, 44, 112, 81, 115, 119, 56, 27, 125
34, 100, 101, 6, 44, 86, 23, 24, 90, 30
34, 35, 133, 103, 92, 139, 25, 89, 91, 135
129, 116, 78, 50, 51, 84, 23, 20, 124, 52
64, 130, 36, 6, 134, 40, 107, 104, 59, 62
97, 100, 44, 106, 12, 114, 50, 91, 28, 94
16, 2, 133, 39, 42, 112, 81, 21, 121, 29
3, 68, 70, 107, 77, 27, 123, 87, 59, 30
66, 35, 45, 110, 79, 48, 18, 99, 20, 55
5, 8, 9, 12, 77, 19, 52, 85, 55, 120
128, 99, 41, 74, 139, 93, 73, 24, 25, 125
36, 135, 72, 10, 46, 80, 17, 52, 21, 22
33, 91, 38, 6, 79, 114, 22, 55, 123, 31
64, 33, 34, 22, 5, 136, 80, 83, 118, 90
0, 97, 33, 106, 39, 15, 80, 114, 121, 26
19, 97, 67, 37, 103, 71, 114, 115, 88, 60
96, 65, 98, 99, 133, 103, 138, 83, 125, 101
128, 97, 99, 132, 101, 102, 65, 74, 17, 3
130, 104, 10, 78, 15, 50, 53, 23, 61, 94
32, 4, 92, 74, 113, 83, 57, 124, 93, 95
128, 34, 132, 7, 105, 75, 66, 137, 120, 94
34, 14, 112, 94, 86, 88, 57, 29, 62, 95
64, 38, 137, 107, 45, 79, 18, 83, 61, 126
54, 39, 106, 46, 79, 118, 47, 61, 94, 95
0, 37, 70, 7, 40, 47, 112, 28, 29, 95
0, 40, 41, 14, 80, 137, 121, 93, 94, 63
96, 54, 70, 139, 109, 113, 82, 118, 119, 121
112, 98, 132, 71, 110, 111, 48, 19, 122, 127
128, 2, 131, 101, 74, 11, 83, 54, 27, 92
64, 100, 134, 76, 77, 82, 52, 85, 55, 60
129, 67, 4, 38, 48, 59, 18, 123, 60, 62
112, 131, 37, 7, 104, 16, 18, 116, 60, 31
1, 34, 35, 132, 6, 105, 139, 115, 86, 51
132, 5, 105, 138, 55, 50, 114, 137, 121, 126
129, 99, 102, 7, 73, 109, 78, 84, 105, 62
97, 36, 6, 134, 104, 45, 46, 19, 120, 57
130, 5, 44, 111, 50, 83, 24, 90, 92, 93
2, 4, 70, 8, 78, 17, 110, 23, 93, 30
66, 4, 38, 7, 43, 109, 81, 50, 56, 124
4, 133, 41, 43, 77, 19, 9, 56, 27, 126
0, 130, 91, 101, 38, 71, 104, 138, 56, 59
132, 135, 136, 41, 78, 104, 19, 21, 59, 61
98, 41, 74, 87, 46, 113, 51, 14, 55, 126
1, 103, 104, 76, 111, 17, 84, 53, 25, 92
68, 6, 7, 136, 105, 77, 26, 123, 125, 30
70, 108, 49, 51, 122, 57, 26, 90, 62, 85
97, 130, 8, 42, 75, 81, 116, 127, 28, 63
128, 0, 2, 5, 76, 78, 14, 88, 122, 94
36, 134, 9, 111, 49, 117, 120, 100, 58, 29
64, 59, 132, 105, 138, 45, 17, 27, 124, 30
98, 36, 135, 106, 14, 52, 55, 88, 125, 95
65, 76, 43, 108, 78, 112, 81, 20, 22, 26
96, 65, 114, 12, 13, 49, 82, 118, 56, 124
65, 68, 8, 137, 10, 109, 47, 52, 60, 106
98, 63, 105, 10, 110, 111, 119, 95, 61, 127
2, 68, 46, 15, 80, 84, 117, 54, 94, 21
1, 65, 72, 9, 107, 76, 113, 82, 21, 126
128, 1, 69, 16, 76, 80, 57, 119, 24, 89
71, 40, 14, 17, 21, 119, 57, 122, 91, 28
32, 98, 131, 100, 103, 111, 22, 26, 58, 31
32, 40, 74, 111, 53, 118, 127, 28, 94, 31
0, 1, 104, 110, 80, 18, 22, 88, 26, 30
