109, 28
110, 122
90, 113
123, 15
128, 81
86, 111
4, 113
96, 55
133, 135
103, 6
5, 2
1, 35
50, 19
129, 139
129, 66
136, 3
62, 96
73, 116
61, 135
100, 136
59, 18
56, 115
3, 32
118, 95
90, 136
85, 47
25, 10
76, 81
104, 26
16, 58
59, 15
127, 109
9, 138
75, 35
88, 66
5, 21
130, 103
23, 25
19, 75
108, 62
32, 133
54, 121
130, 17
17, 7
92, 23
50, 60
122, 29
131, 47
61, 5
129, 80
16, 128
49, 86
102, 68
46, 132
79, 17
67, 44
83, 46
12, 27
81, 7
8, 11
95, 129
88, 92
89, 40
118, 60
9, 116
127, 82
41, 61
21, 0
31, 126
11, 31
3, 48
53, 40
89, 133
76, 136
93, 37
102, 91
33, 20
137, 2
89, 91
115, 18
55, 61
12, 75
35, 19
0, 83
64, 49
121, 8
59, 48
139, 16
89, 106
59, 56
29, 68
24, 9
133, 123
59, 79
30, 59
119, 84
88, 49
74, 2
95, 70
15, 90
137, 74
7, 81
126, 95
124, 0
81, 9
40, 93
51, 30
55, 11
95, 28
134, 76
74, 20
135, 88
19, 139
45, 34
2, 28
22, 107
10, 102
74, 32
46, 89
139, 118
57, 110
74, 44
27, 20
65, 80
37, 103
24, 10
117, 101
8, 41
79, 132
24, 45
40, 131
25, 35
25, 2
98, 58
124, 48
101, 19
124, 12
118, 98
100, 70
108, 57
69, 32
100, 108
46, 24
50, 119
9, 67
120, 87
1, 89
45, 57
23, 76
15, 133
58, 58
95, 127
46, 139
90, 63
3, 77
56, 95
124, 73
133, 9
81, 55
132, 115
98, 51
95, 107
41, 120
34, 42
3, 126
99, 105
11, 72
62, 92
119, 108
14, 55
17, 40
84, 14
20, 117
37, 94
74, 14
5, 57
64, 33
64, 122
80, 124
66, 54
14, 63
28, 50
43, 118
88, 86
127, 74
110, 34
78, 128
32, 67
64, 71
35, 42
114, 62
20, 53
40, 10
99, 127
87, 102
98, 36
33, 76
7, 95
98, 27
95, 4
62, 70
90, 39
58, 128
24, 117
42, 68
55, 118
96, 96
42, 104
28, 37
45, 129
42, 59
67, 29
79, 59
121, 87
11, 45
118, 50
73, 48
51, 18
73, 116
84, 26
86, 101
40, 94
108, 3
138, 34
86, 74
139, 7
94, 90
2, 103
49, 17
102, 129
88, 5
20, 99
93, 24
123, 49
11, 79
115, 53
17, 133
79, 94
135, 55
133, 21
30, 45
99, 117
84, 13
129, 9
139, 79
126, 50
72, 108
63, 86
10, 132
74, 118
11, 16
10, 23
47, 11
61, 37
92, 120
18, 65
78, 74
34, 119
91, 78
37, 56
26, 23
89, 1
46, 28
49, 14
117, 58
96, 8
67, 133
24, 3
71, 31
35, 71
12, 47
17, 29
66, 12
88, 88
104, 132
137, 54
47, 130
72, 54
138, 114
136, 33
128, 89
60, 125
26, 83
65, 32
85, 80
6, 134
0, 102
136, 120
113, 110
128, 122
107, 130
20, 112
91, 22
89, 61
121, 30
108, 3
137, 72
116, 6
90, 136
31, 100
57, 121
126, 97
107, 135
10, 124
80, 16
112, 67
127, 27
130, 75
54, 31
70, 90
98, 85
55, 76
79, 32
17, 27
54, 47
67, 115
27, 50
122, 80
96, 16
19, 98
64, 30
129, 127
25, 101
35, 1
64, 89
70, 100
136, 110
50, 55
79, 4
78, 34
119, 98
108, 51
84, 87
113, 17
75, 36
119, 84
90, 81
116, 115
97, 127
94, 123
50, 25
31, 2
110, 3
68, 9
9, 128
84, 43
114, 29
113, 25
114, 30
115, 124
10, 79
24, 117
35, 126
129, 40
11, 135
117, 25
51, 49
126, 51
9, 79
43, 59
56, 69
59, 38
127, 13
43, 30
48, 28
76, 39
71, 40
94, 60
25, 22
120, 42
27, 88
81, 35
4, 71
104, 64
121, 71
106, 137
2, 1
69, 137
46, 78
7, 134
116, 137
116, 65
92, 120
32, 0
19, 85
21, 91
86, 77
117, 42
117, 25
63, 57
51, 125
97, 69
68, 106
126, 17
137, 124
50, 46
30, 119
116, 61
2, 40
69, 2
91, 113
53, 45
20, 14
108, 20
33, 83
40, 112
121, 18
138, 91
121, 20
39, 139
97, 61
16, 84
113, 108
77, 76
29, 54
10, 12
103, 19
96, 31
71, 138
81, 108
115, 6
0, 136
123, 84
62, 78
14, 135
61, 84
73, 67
119, 26
36, 84
135, 47
111, 73
35, 90
45, 95
71, 114
67, 50
80, 29
34, 123
44, 64
103, 52
87, 120
83, 73
110, 88
118, 56
61, 124
39, 97
42, 90
137, 23
119, 97
21, 138
107, 131
112, 116
117, 65
45, 5
53, 88
122, 126
26, 128
42, 117
86, 54
33, 21
65, 21
62, 55
112, 121
6, 72
21, 109
103, 33
131, 103
17, 27
77, 112
25, 56
126, 61
29, 137
56, 53
32, 85
2, 72
94, 98
26, 131
54, 107
136, 78
136, 118
60, 112
97, 46
92, 50
15, 125
6, 33
112, 49
133, 8
7, 78
75, 132
49, 45
81, 31
51, 74
22, 92
130, 8
127, 131
92, 103
78, 8
26, 130
87, 96
0, 86
107, 100
30, 90
26, 112
115, 64
65, 67
33, 71
78, 129
47, 88
83, 16
72, 46
99, 4
116, 118
109, 43
67, 31
131, 110
30, 0
139, 87
36, 76
78, 29
61, 4
62, 54
69, 35
110, 130
69, 60
87, 73
105, 26
84, 7
122, 56
128, 26
7, 60
8, 59
29, 56
69, 3
19, 97
49, 116
45, 65
51, 98
18, 69
27, 22
47, 92
92, 45
28, 51
49, 24
8, 24
72, 117
120, 123
100, 19
13, 138
20, 62
6, 86
16, 99
131, 19
56, 100
38, 26
27, 92
60, 79
47, 86
101, 63
22, 64
18, 119
101, 59
138, 99
52, 24
29, 107
135, 101
70, 115
76, 128
139, 5
132, 127
124, 14
125, 99
106, 102
91, 100
66, 131
60, 60
76, 27
33, 133
58, 94
113, 126
58, 58
48, 69
118, 75
9, 66
135, 139
48, 136
47, 121
132, 92
3, 35
131, 121
0, 69
82, 41
18, 104
41, 64
138, 7
54, 41
86, 85
102, 7
48, 132
30, 69
54, 123
132, 4
15, 121
31, 46
132, 112
5, 33
56, 85
133, 87
18, 43
19, 10
63, 58
125, 5
22, 102
5, 15
34, 130
14, 96
4, 25
40, 62
71, 89
28, 33
48, 62
100, 67
68, 113
75, 137
102, 138
103, 72
28, 9
4, 11
23, 49
27, 47
58, 34
4, 11
120, 13
8, 139
96, 104
36, 113
14, 127
120, 24
55, 15
57, 108
4, 119
112, 96
1, 114
120, 129
16, 74
23, 78
130, 17
85, 18
112, 83
132, 51
48, 110
123, 135
55, 1
83, 42
123, 22
101, 0
134, 63
14, 129
60, 119
87, 32
34, 89
128, 104
31, 48
32, 10
76, 48
125, 14
85, 96
29, 93
63, 102
58, 62
3, 81
1, 116
32, 11
102, 36
13, 51
7, 122
85, 137
104, 6
2, 81
60, 10
57, 120
13, 126
31, 20
72, 95
128, 4
135, 64
44, 46
80, 30
