33, 5, 71, 72, 43, 144, 146, 84, 151, 120
32, 2, 69, 79, 120, 18, 151, 56, 90, 27
96, 1, 51, 71, 107, 142, 19, 110, 54, 103
4, 102, 108, 42, 12, 77, 94, 86, 25, 126
67, 37, 136, 73, 78, 3, 85, 22, 105, 150
0, 65, 34, 100, 134, 60, 111, 24, 28, 30
65, 134, 71, 8, 108, 111, 148, 118, 87, 156
133, 40, 137, 60, 17, 156, 126, 136, 92, 94
129, 6, 12, 45, 46, 113, 115, 89, 154, 93
32, 99, 36, 73, 111, 105, 89, 29, 62, 63
65, 101, 33, 75, 12, 109, 48, 50, 19, 95
32, 44, 142, 144, 116, 149, 152, 57, 158, 95
3, 8, 73, 10, 14, 80, 41, 119, 61, 62
99, 102, 73, 43, 79, 114, 121, 122, 60, 94
97, 33, 12, 42, 140, 16, 50, 87, 90, 124
66, 38, 28, 158, 54, 56, 58, 123, 92, 126
33, 99, 134, 14, 49, 148, 89, 155, 126, 31
32, 67, 69, 70, 7, 135, 144, 145, 35, 21
1, 131, 68, 139, 114, 85, 100, 91, 29, 127
2, 99, 135, 10, 139, 141, 78, 50, 52, 23
34, 67, 134, 70, 72, 137, 108, 77, 79, 150
130, 36, 17, 47, 46, 79, 113, 110, 86, 91
4, 38, 137, 107, 77, 113, 116, 149, 36, 155
35, 66, 67, 137, 139, 19, 117, 88, 121, 92
5, 140, 74, 76, 157, 112, 149, 55, 89, 61
3, 100, 61, 47, 115, 116, 117, 151, 26, 157
130, 37, 76, 77, 143, 148, 119, 25, 122, 159
1, 131, 68, 135, 74, 139, 145, 154, 138, 31
64, 65, 5, 71, 140, 15, 84, 152, 62, 101
39, 9, 76, 142, 80, 18, 148, 117, 118, 58
97, 107, 5, 105, 75, 108, 109, 113, 52, 53
100, 37, 38, 104, 78, 16, 148, 85, 27, 62
1, 71, 9, 11, 17, 146, 52, 85, 87, 156
0, 67, 37, 134, 10, 14, 111, 16, 46, 127
155, 68, 5, 82, 20, 121, 90, 123, 122, 127
97, 65, 39, 72, 141, 17, 50, 23, 89, 58
144, 66, 69, 9, 48, 21, 22, 151, 124, 159
96, 33, 4, 44, 138, 140, 81, 116, 26, 31
129, 74, 77, 15, 114, 149, 22, 153, 90, 31
131, 132, 74, 110, 29, 113, 82, 35, 106, 42
97, 69, 103, 136, 7, 86, 156, 61, 94, 127
73, 43, 140, 12, 49, 146, 51, 116, 119, 156
3, 100, 133, 102, 39, 44, 14, 143, 147, 117
0, 129, 41, 138, 13, 145, 54, 88, 124, 159
130, 37, 103, 42, 11, 46, 83, 118, 55, 59
72, 109, 47, 49, 51, 8, 104, 123, 61, 127
33, 8, 137, 44, 109, 149, 87, 59, 21, 159
99, 73, 45, 142, 158, 150, 55, 25, 94, 21
139, 36, 10, 107, 109, 111, 151, 120, 124, 63
132, 70, 41, 45, 16, 83, 68, 92, 93, 63
35, 10, 77, 14, 81, 19, 116, 120, 153, 95
2, 71, 41, 45, 110, 137, 152, 122, 124, 157
32, 128, 131, 106, 76, 81, 19, 121, 74, 30
97, 66, 65, 106, 115, 30, 119, 120, 125, 62
2, 67, 70, 104, 43, 15, 83, 86, 60, 63
130, 150, 75, 44, 47, 152, 118, 24, 88, 157
1, 129, 78, 15, 114, 83, 120, 60, 93, 126
65, 130, 100, 101, 73, 11, 149, 87, 125, 117
61, 35, 66, 108, 141, 15, 144, 82, 88, 29
130, 70, 81, 44, 141, 46, 120, 152, 154, 126
5, 102, 7, 145, 13, 80, 88, 54, 56, 61
132, 40, 105, 12, 45, 24, 25, 58, 60, 63
133, 9, 138, 12, 28, 53, 92, 93, 126, 31
104, 9, 75, 108, 79, 48, 49, 54, 153, 61
129, 104, 74, 140, 143, 112, 118, 151, 28, 95
35, 5, 6, 10, 147, 53, 151, 57, 28, 158
128, 36, 23, 140, 143, 53, 151, 122, 15, 58
33, 4, 124, 112, 17, 20, 54, 23, 88, 92
96, 34, 69, 70, 49, 18, 86, 120, 27, 92
1, 100, 17, 40, 111, 144, 104, 146, 68, 36
96, 68, 49, 138, 135, 17, 20, 54, 59, 125
32, 0, 2, 6, 143, 144, 82, 51, 117, 28
0, 35, 45, 113, 20, 86, 152, 148, 125, 126
129, 131, 4, 97, 41, 12, 13, 47, 9, 57
64, 38, 39, 78, 112, 52, 24, 121, 122, 27
130, 10, 78, 81, 83, 118, 55, 156, 30, 63
129, 134, 141, 80, 52, 118, 24, 26, 29, 94
3, 133, 38, 142, 50, 20, 22, 26, 93, 127
98, 4, 133, 74, 75, 112, 19, 56, 89, 31
1, 99, 138, 13, 111, 20, 21, 155, 157, 63
101, 135, 12, 138, 107, 76, 151, 153, 60, 29
101, 75, 113, 50, 52, 153, 59, 156, 93, 37
129, 34, 100, 102, 71, 39, 109, 143, 150, 58
103, 75, 44, 49, 149, 54, 56, 153, 90, 123
0, 155, 135, 113, 123, 86, 121, 153, 91, 28
32, 18, 4, 109, 110, 146, 150, 92, 126, 31
3, 68, 135, 72, 124, 40, 84, 21, 54, 156
32, 97, 6, 103, 46, 144, 147, 14, 119, 57
67, 100, 136, 43, 23, 121, 90, 60, 58, 55
131, 8, 9, 107, 78, 16, 35, 24, 154, 127
128, 1, 34, 38, 14, 83, 119, 88, 123, 158
130, 133, 141, 18, 84, 21, 98, 156, 93, 158
67, 68, 7, 15, 49, 116, 85, 23, 124, 62
133, 81, 8, 145, 77, 144, 49, 56, 91, 62
128, 3, 103, 40, 7, 76, 13, 47, 136, 157
64, 132, 136, 10, 11, 110, 143, 50, 151, 153
97, 2, 68, 37, 70, 104, 106, 112, 117, 152
96, 131, 40, 73, 106, 14, 35, 53, 87, 30
128, 129, 104, 105, 78, 112, 136, 149, 91, 117
103, 9, 13, 141, 142, 47, 16, 19, 79, 158
18, 5, 42, 141, 82, 25, 88, 57, 31, 69
10, 107, 110, 157, 80, 81, 149, 57, 28, 125
3, 132, 42, 107, 13, 110, 82, 119, 60, 106
2, 99, 40, 44, 157, 112, 83, 87, 125, 94
96, 64, 98, 133, 45, 110, 54, 31, 69, 63
98, 4, 135, 9, 106, 108, 145, 158, 61, 30
96, 128, 97, 133, 102, 39, 105, 52, 53, 155
80, 2, 101, 102, 48, 146, 22, 119, 89, 30
3, 6, 105, 147, 148, 121, 20, 58, 30, 63
131, 82, 134, 10, 45, 46, 48, 114, 85, 30
2, 101, 102, 39, 104, 140, 51, 21, 85, 95
33, 5, 6, 9, 139, 79, 48, 115, 154, 69
64, 96, 98, 67, 103, 137, 74, 78, 145, 24
39, 8, 81, 114, 147, 84, 21, 22, 72, 30
38, 109, 13, 113, 18, 147, 117, 119, 56, 122
131, 8, 137, 111, 146, 53, 119, 120, 25, 125
139, 37, 134, 41, 11, 50, 22, 137, 25, 92
96, 98, 71, 136, 42, 23, 114, 25, 57, 29
64, 131, 6, 135, 44, 75, 76, 150, 55, 29
102, 41, 107, 12, 114, 115, 53, 87, 26, 90
0, 1, 68, 48, 50, 115, 53, 56, 122, 59
34, 74, 108, 13, 84, 23, 88, 52, 138, 159
66, 34, 74, 13, 114, 51, 148, 150, 120, 26
34, 134, 45, 142, 143, 141, 83, 84, 90, 15
67, 36, 43, 14, 48, 51, 86, 154, 92, 159
132, 101, 70, 103, 72, 145, 115, 53, 57, 155
3, 7, 72, 15, 16, 85, 56, 154, 59, 62
33, 34, 132, 40, 77, 45, 18, 89, 155, 159
66, 106, 98, 142, 157, 52, 90, 154, 94, 159
64, 98, 38, 8, 73, 43, 76, 82, 56, 155
59, 75, 44, 144, 146, 21, 55, 57, 26, 91
97, 39, 73, 109, 18, 115, 52, 118, 89, 27
102, 39, 135, 61, 49, 147, 95, 125, 158, 127
7, 104, 42, 77, 142, 93, 78, 91, 106, 62
33, 5, 6, 76, 109, 143, 16, 20, 116, 123
132, 118, 70, 105, 80, 17, 19, 84, 86, 27
98, 4, 7, 40, 139, 143, 117, 88, 94, 95
51, 7, 46, 112, 115, 20, 22, 23, 116, 157
37, 70, 43, 79, 80, 121, 27, 156, 62, 159
19, 136, 111, 48, 18, 147, 116, 23, 152, 27
64, 66, 37, 41, 110, 14, 148, 149, 24, 28
123, 35, 99, 100, 76, 91, 19, 58, 59, 154
128, 2, 99, 133, 11, 77, 47, 152, 123, 29
64, 66, 134, 71, 136, 42, 82, 26, 123, 95
0, 130, 36, 69, 71, 11, 17, 87, 58, 93
105, 43, 93, 112, 17, 147, 27, 60, 125, 158
32, 0, 130, 69, 41, 107, 115, 148, 85, 150
65, 132, 113, 42, 139, 108, 145, 114, 87, 152
6, 72, 108, 140, 16, 146, 122, 26, 29, 31
98, 101, 38, 11, 140, 46, 83, 22, 24, 57
4, 82, 47, 146, 20, 85, 118, 55, 154, 122
64, 1, 66, 36, 0, 65, 80, 48, 25, 95
96, 51, 139, 72, 11, 142, 147, 55, 59, 28
155, 38, 63, 80, 81, 50, 83, 84, 95, 159
128, 59, 8, 141, 111, 150, 89, 27, 124, 126
129, 34, 106, 79, 16, 84, 22, 153, 125, 127
32, 6, 7, 40, 41, 138, 75, 81, 86, 91
128, 101, 103, 137, 79, 51, 55, 24, 25, 94
65, 99, 132, 15, 105, 11, 47, 145, 90, 91
128, 36, 138, 43, 46, 121, 153, 26, 124, 127
