113, 27
37, 31
25, 30
113, 43
120, 56
43, 14
137, 17
155, 87
51, 145
10, 75
17, 158
14, 43
114, 131
50, 4
78, 2
151, 13
34, 79
62, 148
63, 58
65, 66
127, 4
73, 25
37, 56
93, 54
144, 119
5, 24
88, 25
152, 137
15, 86
89, 26
118, 136
66, 14
66, 113
26, 9
75, 139
46, 98
64, 91
104, 123
47, 74
29, 1
28, 149
154, 125
155, 138
118, 118
14, 91
71, 155
74, 85
26, 64
145, 73
25, 60
112, 152
113, 84
54, 10
37, 2
24, 47
47, 51
75, 53
155, 7
46, 12
28, 136
13, 13
65, 9
107, 125
100, 3
12, 22
121, 49
36, 4
94, 18
93, 65
115, 53
77, 113
88, 25
9, 36
159, 85
138, 118
150, 94
130, 64
134, 14
2, 84
3, 66
18, 98
100, 25
105, 72
36, 6
11, 23
8, 100
72, 7
73, 68
98, 120
140, 143
144, 75
95, 117
157, 31
7, 30
29, 4
97, 93
123, 42
131, 56
91, 14
28, 152
87, 82
126, 95
9, 142
112, 96
90, 150
124, 137
53, 83
88, 9
96, 77
96, 111
56, 8
146, 102
90, 156
25, 77
66, 63
52, 41
27, 118
136, 12
117, 158
5, 69
38, 37
31, 88
39, 126
26, 12
30, 3
0, 70
27, 102
144, 37
4, 95
18, 33
147, 8
40, 140
75, 113
86, 129
111, 156
23, 116
81, 92
41, 8
57, 75
70, 113
60, 29
64, 106
41, 65
62, 83
64, 33
2, 90
102, 70
145, 94
83, 29
55, 62
99, 125
89, 19
22, 129
156, 5
110, 76
70, 90
21, 93
67, 37
156, 55
11, 40
0, 28
63, 159
57, 94
31, 148
94, 42
130, 144
57, 31
80, 153
17, 0
22, 17
93, 95
116, 151
87, 109
125, 111
106, 64
5, 144
83, 42
18, 138
59, 16
42, 64
96, 71
24, 57
8, 152
42, 158
83, 121
158, 81
100, 88
156, 20
138, 145
24, 64
14, 124
94, 6
139, 146
119, 30
86, 60
73, 32
56, 66
43, 84
43, 18
109, 79
157, 44
84, 147
76, 78
48, 73
15, 57
87, 112
90, 28
129, 133
2, 128
109, 27
158, 62
77, 36
3, 155
110, 141
52, 21
47, 121
6, 143
83, 54
126, 25
143, 134
52, 67
134, 59
69, 57
77, 16
74, 62
158, 135
145, 110
62, 24
7, 91
91, 87
57, 46
44, 104
84, 26
41, 123
136, 50
118, 52
114, 37
103, 114
77, 102
50, 68
95, 94
4, 36
21, 52
134, 131
24, 119
76, 154
24, 52
76, 63
86, 57
1, 29
66, 13
3, 64
30, 37
106, 57
33, 124
55, 66
20, 50
131, 24
134, 152
103, 74
54, 97
17, 144
48, 114
158, 51
115, 148
54, 108
88, 50
67, 55
28, 48
91, 89
3, 42
40, 74
104, 122
102, 82
108, 81
77, 86
125, 16
79, 138
20, 134
27, 87
135, 157
118, 151
90, 93
100, 127
24, 117
146, 94
138, 83
81, 101
35, 32
124, 68
36, 125
72, 23
43, 111
131, 122
94, 77
71, 52
64, 55
88, 93
49, 26
34, 107
108, 60
90, 96
88, 37
139, 70
139, 156
7, 66
107, 69
50, 112
55, 72
52, 121
87, 92
63, 138
109, 26
122, 47
136, 78
79, 118
13, 90
144, 126
131, 96
133, 85
123, 119
135, 95
1, 36
129, 12
64, 120
42, 15
60, 17
71, 63
100, 97
33, 45
12, 3
158, 6
84, 75
127, 36
71, 96
23, 98
30, 154
64, 22
124, 5
23, 153
130, 103
36, 80
69, 20
137, 107
32, 73
85, 41
71, 34
145, 137
37, 13
111, 99
120, 26
146, 103
35, 29
143, 54
90, 7
29, 76
153, 84
151, 147
94, 31
14, 124
76, 11
148, 87
13, 91
16, 149
29, 136
118, 149
6, 95
22, 116
139, 5
135, 109
36, 139
56, 47
22, 100
56, 131
56, 110
47, 63
51, 133
144, 80
102, 90
123, 46
55, 138
79, 39
100, 124
87, 93
14, 131
146, 114
106, 11
157, 139
67, 47
43, 76
115, 154
142, 134
8, 111
56, 115
121, 63
92, 35
93, 73
9, 70
76, 81
115, 79
1, 88
4, 39
32, 124
114, 6
43, 135
139, 76
147, 131
85, 94
68, 115
95, 144
116, 136
89, 23
38, 14
45, 123
150, 8
97, 88
12, 86
132, 69
93, 28
4, 88
147, 145
47, 56
47, 48
107, 115
20, 4
134, 87
46, 58
38, 90
102, 107
123, 130
111, 144
98, 89
113, 1
126, 83
139, 18
104, 0
75, 1
136, 129
67, 21
95, 29
28, 149
116, 129
138, 114
6, 107
46, 105
42, 46
25, 88
7, 20
95, 157
82, 148
7, 3
2, 118
111, 65
149, 62
118, 148
13, 118
107, 151
131, 35
77, 138
112, 43
3, 105
124, 137
33, 106
122, 2
68, 20
63, 3
137, 99
148, 77
144, 123
93, 147
107, 51
96, 100
149, 157
148, 146
152, 115
94, 141
115, 70
39, 112
126, 7
23, 158
8, 56
68, 48
91, 135
26, 106
55, 76
78, 156
52, 101
30, 28
154, 71
42, 135
82, 81
80, 86
122, 80
137, 73
52, 120
129, 130
12, 39
65, 136
156, 139
57, 54
62, 120
137, 112
112, 106
66, 30
154, 78
5, 145
113, 30
19, 86
122, 40
6, 52
117, 134
26, 42
134, 57
124, 115
13, 134
11, 110
16, 90
21, 158
156, 104
18, 17
63, 13
92, 102
141, 25
140, 146
129, 121
95, 116
51, 140
91, 155
138, 146
136, 156
116, 135
140, 55
105, 24
136, 147
25, 20
19, 5
151, 19
158, 27
31, 55
114, 46
42, 19
120, 116
138, 71
121, 104
148, 97
111, 136
29, 50
27, 87
8, 66
33, 11
3, 137
151, 39
87, 145
121, 144
155, 86
135, 7
156, 77
37, 45
37, 84
81, 99
8, 27
120, 122
78, 47
59, 77
99, 0
107, 21
39, 150
92, 45
73, 93
45, 6
5, 5
33, 89
110, 107
125, 72
13, 132
120, 43
106, 8
73, 33
97, 28
92, 18
30, 121
4, 30
131, 59
71, 89
69, 116
41, 2
85, 16
26, 114
31, 24
79, 15
36, 42
30, 133
16, 129
25, 67
34, 38
66, 67
101, 120
119, 23
72, 109
6, 22
101, 127
44, 127
75, 126
51, 63
2, 89
57, 124
54, 92
86, 71
53, 151
145, 47
115, 41
39, 44
86, 92
14, 16
126, 24
58, 34
124, 108
89, 103
51, 106
84, 56
20, 44
133, 11
104, 123
6, 79
123, 148
12, 38
44, 126
4, 36
97, 156
74, 43
114, 29
17, 2
70, 104
148, 43
31, 38
29, 71
84, 155
86, 139
33, 41
63, 33
152, 8
70, 113
89, 131
141, 112
60, 6
106, 158
50, 13
80, 34
16, 22
116, 100
119, 71
149, 14
129, 130
148, 4
142, 100
0, 31
99, 52
46, 95
96, 0
120, 126
129, 100
135, 97
116, 91
121, 140
147, 139
98, 12
20, 46
133, 51
48, 134
70, 75
128, 120
5, 33
0, 96
11, 33
149, 3
81, 116
45, 51
16, 5
152, 111
112, 115
125, 26
127, 67
58, 129
103, 107
19, 122
153, 142
