96, 2, 68, 165, 38, 136, 73, 174, 51, 154, 187, 28
133, 207, 93, 145, 114, 116, 22, 20, 154, 59, 29, 126
0, 128, 199, 76, 77, 79, 81, 210, 148, 216, 57, 47
163, 196, 37, 7, 171, 109, 114, 25, 24, 89, 71, 126
130, 67, 197, 70, 124, 47, 49, 86, 151, 58, 60, 166
194, 131, 177, 74, 205, 15, 49, 216, 153, 154, 123, 158
128, 65, 68, 69, 44, 47, 48, 52, 215, 185, 92, 125
66, 3, 197, 10, 203, 93, 146, 186, 175, 106, 126, 165
192, 161, 194, 9, 213, 206, 92, 142, 22, 24, 188, 63
36, 134, 8, 124, 173, 109, 168, 20, 55, 218, 188, 189
98, 163, 101, 167, 7, 16, 209, 75, 212, 152, 61, 158
129, 194, 137, 170, 108, 78, 80, 156, 148, 174, 124, 30
64, 128, 131, 101, 172, 77, 173, 144, 210, 179, 212, 47
195, 202, 183, 44, 78, 114, 212, 150, 25, 184, 185, 158
133, 134, 199, 39, 76, 177, 50, 180, 23, 56, 57, 90
5, 165, 210, 75, 172, 205, 209, 82, 180, 120, 92, 191
33, 155, 38, 137, 10, 108, 206, 24, 214, 119, 88, 219
192, 67, 69, 38, 49, 169, 204, 81, 115, 52, 117, 61
100, 37, 135, 201, 202, 151, 50, 23, 120, 157, 62, 63
129, 214, 138, 43, 172, 78, 148, 150, 154, 170, 190, 69
32, 1, 37, 9, 139, 208, 113, 211, 55, 185, 155, 95
192, 129, 36, 133, 33, 76, 106, 204, 177, 97, 122, 95
1, 132, 35, 36, 8, 173, 67, 180, 87, 100, 155, 188
165, 202, 203, 141, 14, 208, 18, 217, 122, 156, 126, 197
16, 3, 197, 142, 8, 141, 46, 79, 206, 40, 181, 182
96, 3, 82, 38, 167, 205, 13, 178, 184, 219, 124, 94
160, 66, 67, 69, 102, 43, 57, 58, 91, 186, 190, 31
196, 71, 169, 172, 178, 79, 82, 30, 120, 185, 58, 158
0, 102, 114, 79, 178, 182, 55, 58, 123, 60, 157, 190
1, 101, 104, 73, 159, 113, 51, 213, 216, 90, 219, 133
75, 39, 11, 142, 208, 167, 107, 187, 121, 27, 93, 31
193, 179, 76, 142, 111, 209, 211, 30, 215, 153, 26, 62
33, 194, 170, 130, 46, 205, 209, 20, 119, 216, 155, 61
32, 16, 195, 167, 129, 41, 203, 48, 148, 21, 58, 127
192, 195, 100, 71, 43, 204, 178, 83, 149, 183, 164, 154
64, 98, 69, 105, 111, 146, 213, 22, 217, 122, 90, 117
64, 131, 166, 71, 9, 110, 207, 112, 21, 22, 123, 125
67, 70, 105, 46, 176, 113, 18, 3, 20, 181, 95, 127
0, 182, 199, 105, 140, 142, 16, 17, 82, 214, 25, 154
96, 130, 109, 14, 113, 83, 212, 174, 183, 120, 184, 30
195, 100, 165, 107, 78, 163, 24, 90, 59, 157, 126, 191
33, 138, 203, 50, 81, 178, 84, 184, 89, 124, 157, 63
161, 130, 99, 70, 200, 105, 47, 145, 163, 53, 118, 122
34, 100, 102, 199, 75, 111, 113, 19, 52, 151, 153, 26
131, 132, 6, 71, 200, 105, 203, 172, 13, 208, 145, 156
98, 99, 211, 71, 202, 107, 77, 50, 179, 216, 217, 90
96, 193, 32, 37, 65, 103, 76, 93, 54, 24, 156, 125
193, 2, 4, 101, 6, 97, 42, 12, 66, 48, 119, 134
160, 96, 66, 180, 68, 133, 6, 193, 47, 52, 196, 33
64, 97, 4, 5, 105, 215, 192, 78, 17, 86, 119, 69
130, 177, 41, 103, 141, 14, 45, 113, 18, 51, 53, 153
0, 65, 167, 169, 75, 146, 50, 115, 120, 89, 154, 29
162, 6, 43, 48, 17, 82, 83, 182, 120, 217, 59, 159
99, 100, 168, 42, 140, 173, 174, 50, 211, 85, 60, 181
97, 164, 65, 105, 106, 46, 189, 213, 152, 217, 155, 74
194, 196, 9, 107, 175, 20, 153, 122, 111, 28, 61, 63
161, 194, 115, 72, 110, 111, 211, 212, 14, 215, 154, 157
2, 71, 103, 107, 204, 66, 14, 82, 121, 26, 92, 127
128, 33, 4, 73, 151, 118, 153, 89, 26, 27, 28, 126
1, 163, 40, 141, 177, 115, 52, 120, 121, 186, 218, 159
4, 165, 198, 140, 207, 80, 210, 147, 53, 183, 88, 28
32, 99, 68, 166, 10, 111, 17, 146, 55, 124, 138, 126
128, 67, 165, 73, 75, 174, 112, 18, 195, 180, 149, 31
144, 163, 8, 41, 76, 208, 104, 18, 116, 55, 216, 188
130, 35, 36, 135, 171, 12, 207, 49, 131, 86, 183, 186
97, 194, 54, 6, 103, 201, 77, 46, 114, 51, 85, 86
129, 162, 7, 106, 47, 48, 114, 57, 121, 26, 218, 158
192, 99, 4, 37, 201, 139, 22, 17, 214, 26, 187, 62
0, 196, 6, 136, 201, 107, 206, 48, 147, 185, 61, 191
35, 6, 49, 138, 110, 17, 19, 85, 26, 123, 186, 95
195, 4, 37, 168, 73, 42, 127, 211, 212, 117, 91, 85
34, 3, 36, 76, 44, 45, 206, 112, 177, 57, 153, 27
129, 131, 196, 134, 166, 97, 139, 78, 56, 185, 122, 167
0, 132, 197, 70, 202, 171, 209, 146, 214, 58, 29, 62
96, 98, 5, 205, 142, 83, 150, 87, 152, 54, 156, 95
134, 10, 43, 15, 51, 30, 151, 121, 191, 125, 62, 95
2, 63, 104, 105, 171, 46, 116, 14, 71, 31, 21, 95
65, 130, 172, 139, 12, 2, 110, 45, 112, 113, 117, 183
193, 40, 11, 13, 49, 19, 158, 182, 72, 91, 94, 85
2, 27, 209, 203, 144, 24, 210, 182, 88, 155, 28, 127
107, 182, 102, 138, 11, 140, 86, 147, 203, 60, 157, 133
2, 41, 171, 207, 112, 17, 114, 115, 84, 218, 219, 191
134, 38, 204, 202, 108, 15, 113, 52, 25, 57, 27, 170
162, 99, 39, 74, 34, 144, 177, 115, 52, 149, 188, 93
192, 193, 199, 200, 41, 174, 81, 210, 158, 184, 190, 149
65, 69, 70, 167, 139, 78, 110, 179, 148, 53, 94, 159
64, 65, 4, 170, 210, 189, 80, 49, 178, 118, 93, 158
161, 98, 113, 169, 74, 172, 109, 206, 208, 209, 22, 91
219, 203, 108, 79, 16, 147, 149, 215, 216, 154, 187, 60
51, 3, 132, 103, 104, 41, 115, 180, 182, 58, 122, 191
35, 196, 198, 135, 40, 45, 14, 177, 186, 152, 218, 29
97, 99, 197, 70, 78, 142, 87, 26, 159, 124, 94, 166
98, 132, 197, 6, 8, 207, 147, 117, 150, 57, 164, 15
1, 195, 211, 7, 199, 46, 83, 180, 86, 188, 125, 30
129, 195, 200, 201, 78, 178, 212, 85, 215, 25, 91, 95
37, 74, 75, 76, 109, 206, 111, 179, 20, 21, 94, 69
0, 161, 182, 39, 105, 74, 46, 48, 210, 150, 169, 25
65, 130, 129, 72, 47, 49, 178, 21, 54, 215, 91, 191
130, 35, 103, 10, 215, 45, 152, 211, 87, 184, 92, 74
123, 129, 67, 196, 42, 45, 83, 53, 91, 124, 61, 117
34, 163, 22, 40, 137, 43, 18, 53, 150, 201, 184, 119
197, 198, 104, 12, 10, 171, 125, 47, 148, 213, 29, 190
161, 164, 43, 108, 142, 143, 80, 213, 214, 153, 26, 28
65, 98, 163, 132, 133, 107, 173, 46, 50, 57, 89, 191
208, 101, 76, 110, 144, 206, 178, 181, 120, 89, 29, 63
96, 35, 37, 38, 44, 42, 76, 142, 49, 179, 54, 166
130, 198, 7, 168, 202, 172, 66, 176, 212, 21, 54, 116
68, 103, 136, 204, 140, 45, 80, 40, 118, 55, 57, 30
164, 102, 138, 11, 173, 110, 207, 16, 82, 183, 88, 155
192, 3, 132, 39, 136, 9, 206, 143, 87, 187, 189, 95
194, 36, 69, 162, 104, 108, 141, 77, 213, 56, 111, 85
160, 35, 138, 43, 110, 144, 119, 56, 55, 31, 61, 95
131, 36, 71, 77, 174, 207, 81, 116, 121, 123, 62, 127
82, 197, 39, 43, 77, 176, 50, 20, 87, 123, 29, 37
1, 66, 3, 166, 65, 13, 206, 143, 81, 205, 147, 28
51, 164, 199, 145, 205, 81, 83, 17, 89, 56, 217, 59
1, 132, 106, 139, 76, 205, 112, 214, 151, 217, 156, 63
35, 70, 137, 172, 77, 17, 99, 182, 183, 92, 125, 190
198, 136, 42, 107, 140, 141, 175, 145, 86, 58, 168, 190
32, 132, 167, 170, 125, 111, 16, 49, 100, 47, 124, 189
160, 131, 39, 104, 172, 15, 27, 145, 18, 51, 52, 59
193, 66, 212, 199, 75, 112, 148, 214, 57, 122, 59, 30
35, 72, 169, 42, 55, 175, 210, 21, 203, 89, 23, 121
99, 36, 5, 200, 175, 112, 113, 186, 187, 28, 126, 69
99, 4, 119, 9, 11, 176, 41, 25, 218, 91, 156, 61
36, 101, 6, 75, 46, 208, 209, 178, 117, 119, 184, 93
1, 163, 7, 40, 174, 152, 3, 23, 216, 58, 123, 61
33, 37, 70, 202, 176, 141, 79, 112, 209, 57, 157, 165
160, 2, 165, 6, 202, 12, 173, 143, 151, 58, 62, 191
97, 66, 99, 33, 72, 11, 19, 212, 21, 184, 157, 94
32, 97, 98, 4, 39, 64, 42, 139, 77, 142, 50, 106
64, 132, 36, 5, 72, 44, 12, 142, 112, 150, 120, 196
161, 131, 196, 103, 73, 44, 109, 116, 22, 119, 89, 92
1, 166, 103, 80, 202, 205, 14, 175, 48, 21, 143, 29
194, 163, 72, 9, 75, 162, 14, 47, 177, 82, 185, 155
192, 64, 164, 165, 167, 169, 18, 147, 214, 151, 217, 90
0, 68, 150, 107, 173, 109, 176, 189, 149, 118, 186, 154
100, 11, 204, 175, 143, 16, 141, 146, 181, 164, 219, 117
195, 147, 69, 41, 203, 108, 111, 80, 209, 19, 201, 61
160, 130, 67, 162, 72, 173, 77, 146, 116, 85, 216, 20
38, 200, 107, 173, 207, 80, 179, 53, 118, 217, 219, 60
198, 137, 110, 209, 50, 180, 174, 118, 23, 24, 59, 127
130, 131, 102, 38, 8, 105, 74, 210, 24, 91, 30, 31
128, 133, 198, 137, 109, 145, 114, 169, 102, 156, 157, 190
195, 145, 104, 12, 79, 177, 83, 181, 111, 188, 158, 63
160, 1, 115, 169, 42, 44, 143, 144, 211, 181, 118, 120
35, 7, 137, 139, 61, 51, 148, 73, 152, 186, 157, 159
68, 135, 200, 60, 138, 171, 80, 88, 114, 152, 154, 92
149, 33, 2, 101, 168, 11, 146, 19, 213, 121, 153, 85
34, 167, 136, 170, 205, 83, 148, 181, 185, 88, 84, 62
96, 131, 100, 136, 74, 13, 208, 19, 180, 217, 92, 189
128, 171, 4, 135, 75, 43, 18, 116, 185, 58, 186, 191
98, 147, 200, 10, 146, 179, 54, 215, 90, 219, 74, 126
197, 102, 71, 168, 43, 208, 50, 148, 55, 58, 5, 31
0, 1, 34, 147, 5, 38, 136, 88, 51, 56, 218, 19
32, 162, 196, 54, 134, 108, 79, 16, 20, 22, 217, 185
11, 74, 203, 44, 46, 143, 180, 174, 23, 116, 124, 189
129, 198, 40, 41, 146, 143, 80, 173, 18, 56, 28, 127
66, 5, 10, 13, 78, 144, 84, 213, 86, 27, 188, 159
160, 59, 158, 176, 177, 146, 52, 85, 183, 91, 29, 190
128, 139, 204, 175, 48, 145, 120, 26, 111, 188, 190, 159
96, 162, 132, 197, 102, 8, 201, 42, 172, 168, 87, 56
192, 161, 66, 134, 139, 194, 110, 176, 83, 52, 216, 155
3, 100, 134, 103, 168, 10, 40, 218, 59, 42, 126, 63
193, 34, 165, 102, 135, 137, 108, 175, 177, 115, 54, 92
0, 128, 164, 135, 40, 7, 15, 181, 23, 60, 62, 127
91, 36, 133, 72, 105, 114, 182, 183, 184, 4, 187, 61
33, 135, 200, 10, 204, 72, 51, 85, 119, 25, 30, 149
161, 163, 70, 200, 9, 106, 174, 207, 148, 53, 118, 153
96, 193, 51, 199, 145, 135, 143, 17, 179, 87, 122, 27
32, 196, 11, 204, 82, 19, 212, 149, 86, 119, 185, 187
64, 3, 101, 198, 73, 76, 81, 147, 213, 151, 184, 181
161, 201, 106, 12, 77, 15, 19, 117, 87, 120, 27, 44
128, 103, 136, 108, 139, 12, 140, 53, 22, 9, 157, 190
0, 39, 168, 201, 11, 141, 112, 84, 126, 156, 62, 53
160, 164, 133, 7, 200, 137, 55, 206, 118, 215, 122, 123
162, 37, 209, 136, 106, 113, 211, 181, 184, 159, 124, 127
164, 5, 134, 71, 14, 144, 50, 83, 21, 90, 59, 159
97, 34, 104, 41, 125, 210, 86, 25, 27, 28, 189, 94
31, 105, 12, 45, 152, 140, 211, 85, 169, 216, 187, 95
150, 188, 141, 14, 15, 48, 22, 89, 156, 93, 62, 191
176, 37, 165, 104, 137, 171, 144, 145, 149, 24, 218, 53
96, 166, 38, 78, 79, 80, 52, 117, 24, 89, 28, 191
64, 194, 166, 39, 108, 34, 77, 207, 117, 60, 13, 159
129, 98, 100, 166, 39, 41, 171, 13, 176, 84, 25, 125
27, 68, 134, 6, 72, 170, 13, 20, 149, 151, 186, 155
64, 59, 69, 7, 136, 199, 146, 151, 185, 26, 123, 90
192, 0, 67, 166, 193, 170, 109, 179, 88, 123, 189, 30
160, 8, 9, 205, 144, 83, 180, 22, 201, 93, 158, 63
54, 198, 136, 9, 204, 109, 178, 86, 119, 187, 156, 150
160, 195, 101, 173, 143, 19, 84, 117, 118, 26, 28, 159
128, 97, 68, 103, 40, 75, 15, 81, 180, 182, 151, 89
162, 67, 49, 135, 8, 109, 207, 34, 17, 84, 21, 187
187, 164, 169, 78, 47, 48, 210, 84, 46, 121, 219, 31
32, 65, 162, 5, 134, 8, 11, 110, 211, 183, 56, 55
33, 34, 70, 40, 138, 94, 13, 144, 190, 217, 93, 62
3, 132, 72, 170, 48, 27, 131, 99, 55, 68, 90, 155
161, 4, 101, 7, 73, 113, 23, 24, 153, 218, 91, 92
101, 201, 106, 171, 141, 157, 213, 118, 90, 143, 60, 189
2, 38, 169, 43, 14, 208, 115, 84, 214, 121, 186, 93
167, 168, 140, 42, 44, 175, 147, 84, 152, 218, 123, 94
161, 67, 100, 198, 65, 138, 172, 174, 18, 68, 188, 94
128, 82, 133, 73, 106, 45, 13, 18, 23, 216, 219, 127
33, 7, 41, 138, 44, 205, 79, 80, 23, 88, 122, 156
160, 34, 167, 137, 170, 107, 17, 82, 213, 57, 189, 21
32, 5, 74, 203, 15, 114, 115, 116, 149, 25, 188, 133
68, 71, 8, 109, 175, 16, 104, 114, 214, 87, 24, 95
64, 192, 36, 1, 168, 60, 140, 112, 81, 108, 183, 92
199, 104, 87, 44, 20, 150, 23, 153, 218, 125, 30, 63
32, 73, 138, 141, 15, 176, 10, 79, 87, 127, 125, 31
96, 193, 2, 12, 142, 15, 178, 84, 86, 122, 79, 60
98, 70, 194, 45, 176, 145, 179, 20, 53, 56, 93, 31
129, 70, 39, 170, 12, 13, 10, 215, 56, 121, 106, 94
35, 198, 102, 8, 171, 204, 110, 148, 54, 29, 158, 101
67, 102, 38, 199, 73, 135, 206, 16, 19, 116, 121, 219
97, 98, 6, 49, 175, 88, 212, 56, 152, 219, 94, 31
32, 2, 5, 162, 202, 139, 45, 179, 88, 29, 126, 63
35, 54, 195, 135, 140, 45, 115, 116, 150, 23, 52, 155
66, 163, 197, 200, 9, 208, 81, 181, 90, 59, 124, 154
193, 137, 202, 140, 16, 81, 214, 215, 88, 25, 152, 29
