2640	19	8	8
2639	17	7	8
2638	17	7	8
2637	17	7	8
2636	16	7	7
2635	16	7	7
2634	15	7	7
2633	14	7	7
2632	14	7	7
2631	14	7	7
2630	14	7	7
2629	14	7	7
2628	13	7	7
2627	13	7	7
2626	13	7	7
2625	13	7	7
2624	13	7	7
2623	13	6	7
2622	13	6	7
2621	13	6	7
2620	13	6	7
2619	12	6	7
2618	12	6	7
2617	12	6	6
2616	12	6	6
2615	12	6	6
2614	12	6	6
2613	12	6	6
2612	12	6	6
2611	12	6	6
2610	12	6	6
2609	12	6	6
2608	12	6	6
2607	12	6	6
2606	12	6	6
2605	12	6	6
2604	12	6	6
2603	12	6	6
2602	11	6	6
2601	11	6	6
2600	11	6	6
2599	11	6	6
2598	11	6	6
2597	11	6	6
2596	11	6	6
2595	11	6	6
2594	11	6	6
2593	11	6	6
2592	11	6	6
2591	11	6	6
2590	11	6	6
2589	11	6	6
2588	11	6	6
2587	11	6	6
2586	11	6	6
2585	11	5	6
2584	11	5	6
2583	11	5	6
2582	11	5	6
2581	11	5	6
2580	11	5	6
2579	11	5	6
2578	11	5	6
2577	11	5	6
2576	11	5	6
2575	11	5	6
2574	11	5	5
2573	11	5	5
2572	11	5	5
2571	10	5	5
2570	10	5	5
2569	10	5	5
2568	10	5	5
2567	10	5	5
2566	10	5	5
2565	10	5	5
2564	10	5	5
2563	10	5	5
2562	10	5	5
2561	10	5	5
2560	10	5	5
2559	10	5	5
2558	10	5	5
2557	10	5	5
2556	10	5	5
2555	10	5	5
2554	10	5	5
2553	10	5	5
2552	10	5	5
2551	10	5	5
2550	10	5	5
2549	10	5	5
2548	10	5	5
2547	10	5	5
2546	10	5	5
2545	10	5	5
2544	10	5	5
2543	10	5	5
2542	10	5	5
2541	10	5	5
2540	10	5	5
2539	10	5	5
2538	10	5	5
2537	10	5	5
2536	10	5	5
2535	10	5	5
2534	10	5	5
2533	10	5	5
2532	10	5	5
2531	10	5	5
2530	10	5	5
2529	10	5	5
2528	10	5	5
2527	10	5	5
2526	10	5	5
2525	10	5	5
2524	10	5	5
2523	10	5	5
2522	10	5	5
2521	10	5	5
2520	10	5	5
2519	10	5	5
2518	9	5	5
2517	9	5	5
2516	9	5	5
2515	9	5	5
2514	9	5	5
2513	9	5	5
2512	9	5	5
2511	9	5	5
2510	9	5	5
2509	9	5	5
2508	9	5	5
2507	9	5	5
2506	9	5	5
2505	9	5	5
2504	9	5	5
2503	9	5	5
2502	9	5	5
2501	9	5	5
2500	9	5	5
2499	9	5	5
2498	9	5	5
2497	9	5	5
2496	9	5	5
2495	9	5	5
2494	9	5	5
2493	9	5	5
2492	9	5	5
2491	9	5	5
2490	9	5	5
2489	9	5	5
2488	9	5	5
2487	9	5	5
2486	9	5	5
2485	9	5	5
2484	9	5	5
2483	9	5	5
2482	9	5	5
2481	9	5	5
2480	9	5	5
2479	9	5	5
2478	9	5	5
2477	9	5	5
2476	9	5	5
2475	9	5	5
2474	9	5	5
2473	9	5	5
2472	9	5	5
2471	9	5	5
2470	9	5	5
2469	9	5	5
2468	9	5	5
2467	9	5	5
2466	9	5	5
2465	9	5	5
2464	9	5	5
2463	9	5	5
2462	9	5	5
2461	9	5	5
2460	9	5	5
2459	9	5	5
2458	9	5	5
2457	9	5	5
2456	9	5	5
2455	9	5	5
2454	9	5	5
2453	9	5	5
2452	9	5	5
2451	9	5	5
2450	9	5	5
2449	9	5	5
2448	9	5	5
2447	9	5	5
2446	9	5	5
2445	9	5	5
2444	9	5	5
2443	9	5	5
2442	9	5	5
2441	9	5	5
2440	9	5	5
2439	9	4	5
2438	9	4	5
2437	9	4	5
2436	9	4	5
2435	9	4	5
2434	9	4	5
2433	9	4	5
2432	9	4	5
2431	9	4	5
2430	9	4	5
2429	9	4	5
2428	9	4	5
2427	9	4	5
2426	9	4	5
2425	9	4	5
2424	9	4	5
2423	9	4	5
2422	9	4	5
2421	9	4	5
2420	9	4	5
2419	8	4	5
2418	8	4	5
2417	8	4	5
2416	8	4	5
2415	8	4	5
2414	8	4	5
2413	8	4	5
2412	8	4	5
2411	8	4	5
2410	8	4	5
2409	8	4	5
2408	8	4	5
2407	8	4	5
2406	8	4	5
2405	8	4	5
2404	8	4	4
2403	8	4	4
2402	8	4	4
2401	8	4	4
2400	8	4	4
2399	8	4	4
2398	8	4	4
2397	8	4	4
2396	8	4	4
2395	8	4	4
2394	8	4	4
2393	8	4	4
2392	8	4	4
2391	8	4	4
2390	8	4	4
2389	8	4	4
2388	8	4	4
2387	8	4	4
2386	8	4	4
2385	8	4	4
2384	8	4	4
2383	8	4	4
2382	8	4	4
2381	8	4	4
2380	8	4	4
2379	8	4	4
2378	8	4	4
2377	8	4	4
2376	8	4	4
2375	8	4	4
2374	8	4	4
2373	8	4	4
2372	8	4	4
2371	8	4	4
2370	8	4	4
2369	8	4	4
2368	8	4	4
2367	8	4	4
2366	8	4	4
2365	8	4	4
2364	8	4	4
2363	8	4	4
2362	8	4	4
2361	8	4	4
2360	8	4	4
2359	8	4	4
2358	8	4	4
2357	8	4	4
2356	8	4	4
2355	8	4	4
2354	8	4	4
2353	8	4	4
2352	8	4	4
2351	8	4	4
2350	8	4	4
2349	8	4	4
2348	8	4	4
2347	8	4	4
2346	8	4	4
2345	8	4	4
2344	8	4	4
2343	8	4	4
2342	8	4	4
2341	8	4	4
2340	8	4	4
2339	8	4	4
2338	8	4	4
2337	8	4	4
2336	8	4	4
2335	8	4	4
2334	8	4	4
2333	8	4	4
2332	8	4	4
2331	8	4	4
2330	8	4	4
2329	8	4	4
2328	8	4	4
2327	8	4	4
2326	8	4	4
2325	8	4	4
2324	8	4	4
2323	8	4	4
2322	8	4	4
2321	8	4	4
2320	8	4	4
2319	8	4	4
2318	8	4	4
2317	8	4	4
2316	8	4	4
2315	8	4	4
2314	8	4	4
2313	8	4	4
2312	8	4	4
2311	8	4	4
2310	8	4	4
2309	8	4	4
2308	8	4	4
2307	8	4	4
2306	8	4	4
2305	8	4	4
2304	8	4	4
2303	8	4	4
2302	8	4	4
2301	8	4	4
2300	8	4	4
2299	8	4	4
2298	8	4	4
2297	8	4	4
2296	8	4	4
2295	8	4	4
2294	8	4	4
2293	8	4	4
2292	8	4	4
2291	8	4	4
2290	8	4	4
2289	8	4	4
2288	8	4	4
2287	8	4	4
2286	8	4	4
2285	8	4	4
2284	8	4	4
2283	8	4	4
2282	8	4	4
2281	8	4	4
2280	8	4	4
2279	8	4	4
2278	8	4	4
2277	8	4	4
2276	8	4	4
2275	8	4	4
2274	8	4	4
2273	8	4	4
2272	8	4	4
2271	8	4	4
2270	8	4	4
2269	8	4	4
2268	8	4	4
2267	8	4	4
2266	8	4	4
2265	8	4	4
2264	8	4	4
2263	8	4	4
2262	8	4	4
2261	8	4	4
2260	8	4	4
2259	8	4	4
2258	8	4	4
2257	8	4	4
2256	8	4	4
2255	8	4	4
2254	8	4	4
2253	8	4	4
2252	7	4	4
2251	7	4	4
2250	7	4	4
2249	7	4	4
2248	7	4	4
2247	7	4	4
2246	7	4	4
2245	7	4	4
2244	7	4	4
2243	7	4	4
2242	7	4	4
2241	7	4	4
2240	7	4	4
2239	7	4	4
2238	7	4	4
2237	7	4	4
2236	7	4	4
2235	7	4	4
2234	7	4	4
2233	7	4	4
2232	7	4	4
2231	7	4	4
2230	7	4	4
2229	7	4	4
2228	7	4	4
2227	7	4	4
2226	7	4	4
2225	7	4	4
2224	7	4	4
2223	7	4	4
2222	7	4	4
2221	7	4	4
2220	7	4	4
2219	7	4	4
2218	7	4	4
2217	7	4	4
2216	7	4	4
2215	7	4	4
2214	7	4	4
2213	7	4	4
2212	7	4	4
2211	7	4	4
2210	7	4	4
2209	7	4	4
2208	7	4	4
2207	7	4	4
2206	7	4	4
2205	7	4	4
2204	7	4	4
2203	7	4	4
2202	7	4	4
2201	7	4	4
2200	7	4	4
2199	7	4	4
2198	7	4	4
2197	7	4	4
2196	7	4	4
2195	7	4	4
2194	7	4	4
2193	7	4	4
2192	7	4	4
2191	7	4	4
2190	7	4	4
2189	7	4	4
2188	7	4	4
2187	7	4	4
2186	7	4	4
2185	7	4	4
2184	7	4	4
2183	7	4	4
2182	7	4	4
2181	7	4	4
2180	7	4	4
2179	7	4	4
2178	7	4	4
2177	7	4	4
2176	7	4	4
2175	7	4	4
2174	7	4	4
2173	7	4	4
2172	7	4	4
2171	7	4	4
2170	7	4	4
2169	7	4	4
2168	7	4	4
2167	7	4	4
2166	7	4	4
2165	7	4	4
2164	7	4	4
2163	7	4	4
2162	7	4	4
2161	7	4	4
2160	7	4	4
2159	7	4	4
2158	7	4	4
2157	7	4	4
2156	7	4	4
2155	7	4	4
2154	7	4	4
2153	7	4	4
2152	7	4	4
2151	7	4	4
2150	7	4	4
2149	7	4	4
2148	7	4	4
2147	7	4	4
2146	7	4	4
2145	7	4	4
2144	7	3	4
2143	7	3	4
2142	7	3	4
2141	7	3	4
2140	7	3	4
2139	7	3	4
2138	7	3	4
2137	7	3	4
2136	7	3	4
2135	7	3	4
2134	7	3	4
2133	7	3	4
2132	7	3	4
2131	7	3	4
2130	7	3	4
2129	7	3	4
2128	7	3	4
2127	7	3	4
2126	7	3	4
2125	7	3	4
2124	7	3	4
2123	7	3	4
2122	7	3	4
2121	7	3	4
2120	7	3	4
2119	7	3	4
2118	7	3	4
2117	7	3	4
2116	7	3	4
2115	7	3	4
2114	7	3	4
2113	7	3	4
2112	7	3	4
2111	7	3	4
2110	7	3	4
2109	7	3	4
2108	7	3	4
2107	7	3	4
2106	7	3	4
2105	7	3	4
2104	7	3	4
2103	7	3	4
2102	7	3	4
2101	7	3	4
2100	7	3	4
2099	7	3	4
2098	7	3	4
2097	7	3	4
2096	7	3	4
2095	7	3	4
2094	7	3	4
2093	7	3	4
2092	7	3	4
2091	7	3	3
2090	7	3	3
2089	7	3	3
2088	7	3	3
2087	7	3	3
2086	7	3	3
2085	7	3	3
2084	7	3	3
2083	7	3	3
2082	7	3	3
2081	7	3	3
2080	7	3	3
2079	7	3	3
2078	7	3	3
2077	7	3	3
2076	7	3	3
2075	7	3	3
2074	7	3	3
2073	7	3	3
2072	7	3	3
2071	7	3	3
2070	7	3	3
2069	7	3	3
2068	7	3	3
2067	7	3	3
2066	7	3	3
2065	7	3	3
2064	7	3	3
2063	7	3	3
2062	7	3	3
2061	7	3	3
2060	7	3	3
2059	7	3	3
2058	7	3	3
2057	7	3	3
2056	7	3	3
2055	7	3	3
2054	7	3	3
2053	7	3	3
2052	7	3	3
2051	7	3	3
2050	7	3	3
2049	7	3	3
2048	7	3	3
2047	7	3	3
2046	7	3	3
2045	7	3	3
2044	7	3	3
2043	7	3	3
2042	7	3	3
2041	7	3	3
2040	7	3	3
2039	7	3	3
2038	7	3	3
2037	7	3	3
2036	7	3	3
2035	7	3	3
2034	7	3	3
2033	7	3	3
2032	7	3	3
2031	7	3	3
2030	7	3	3
2029	7	3	3
2028	7	3	3
2027	7	3	3
2026	7	3	3
2025	7	3	3
2024	7	3	3
2023	7	3	3
2022	7	3	3
2021	7	3	3
2020	7	3	3
2019	7	3	3
2018	7	3	3
2017	7	3	3
2016	7	3	3
2015	7	3	3
2014	7	3	3
2013	7	3	3
2012	7	3	3
2011	7	3	3
2010	7	3	3
2009	7	3	3
2008	7	3	3
2007	7	3	3
2006	7	3	3
2005	7	3	3
2004	7	3	3
2003	7	3	3
2002	7	3	3
2001	7	3	3
2000	7	3	3
1999	7	3	3
1998	7	3	3
1997	7	3	3
1996	7	3	3
1995	7	3	3
1994	7	3	3
1993	7	3	3
1992	7	3	3
1991	7	3	3
1990	7	3	3
1989	7	3	3
1988	7	3	3
1987	7	3	3
1986	7	3	3
1985	7	3	3
1984	7	3	3
1983	7	3	3
1982	7	3	3
1981	7	3	3
1980	7	3	3
1979	7	3	3
1978	7	3	3
1977	7	3	3
1976	7	3	3
1975	7	3	3
1974	7	3	3
1973	7	3	3
1972	7	3	3
1971	7	3	3
1970	6	3	3
1969	6	3	3
1968	6	3	3
1967	6	3	3
1966	6	3	3
1965	6	3	3
1964	6	3	3
1963	6	3	3
1962	6	3	3
1961	6	3	3
1960	6	3	3
1959	6	3	3
1958	6	3	3
1957	6	3	3
1956	6	3	3
1955	6	3	3
1954	6	3	3
1953	6	3	3
1952	6	3	3
1951	6	3	3
1950	6	3	3
1949	6	3	3
1948	6	3	3
1947	6	3	3
1946	6	3	3
1945	6	3	3
1944	6	3	3
1943	6	3	3
1942	6	3	3
1941	6	3	3
1940	6	3	3
1939	6	3	3
1938	6	3	3
1937	6	3	3
1936	6	3	3
1935	6	3	3
1934	6	3	3
1933	6	3	3
1932	6	3	3
1931	6	3	3
1930	6	3	3
1929	6	3	3
1928	6	3	3
1927	6	3	3
1926	6	3	3
1925	6	3	3
1924	6	3	3
1923	6	3	3
1922	6	3	3
1921	6	3	3
1920	6	3	3
1919	6	3	3
1918	6	3	3
1917	6	3	3
1916	6	3	3
1915	6	3	3
1914	6	3	3
1913	6	3	3
1912	6	3	3
1911	6	3	3
1910	6	3	3
1909	6	3	3
1908	6	3	3
1907	6	3	3
1906	6	3	3
1905	6	3	3
1904	6	3	3
1903	6	3	3
1902	6	3	3
1901	6	3	3
1900	6	3	3
1899	6	3	3
1898	6	3	3
1897	6	3	3
1896	6	3	3
1895	6	3	3
1894	6	3	3
1893	6	3	3
1892	6	3	3
1891	6	3	3
1890	6	3	3
1889	6	3	3
1888	6	3	3
1887	6	3	3
1886	6	3	3
1885	6	3	3
1884	6	3	3
1883	6	3	3
1882	6	3	3
1881	6	3	3
1880	6	3	3
1879	6	3	3
1878	6	3	3
1877	6	3	3
1876	6	3	3
1875	6	3	3
1874	6	3	3
1873	6	3	3
1872	6	3	3
1871	6	3	3
1870	6	3	3
1869	6	3	3
1868	6	3	3
1867	6	3	3
1866	6	3	3
1865	6	3	3
1864	6	3	3
1863	6	3	3
1862	6	3	3
1861	6	3	3
1860	6	3	3
1859	6	3	3
1858	6	3	3
1857	6	3	3
1856	6	3	3
1855	6	3	3
1854	6	3	3
1853	6	3	3
1852	6	3	3
1851	6	3	3
1850	6	3	3
1849	6	3	3
1848	6	3	3
1847	6	3	3
1846	6	3	3
1845	6	3	3
1844	6	3	3
1843	6	3	3
1842	6	3	3
1841	6	3	3
1840	6	3	3
1839	6	3	3
1838	6	3	3
1837	6	3	3
1836	6	3	3
1835	6	3	3
1834	6	3	3
1833	6	3	3
1832	6	3	3
1831	6	3	3
1830	6	3	3
1829	6	3	3
1828	6	3	3
1827	6	3	3
1826	6	3	3
1825	6	3	3
1824	6	3	3
1823	6	3	3
1822	6	3	3
1821	6	3	3
1820	6	3	3
1819	6	3	3
1818	6	3	3
1817	6	3	3
1816	6	3	3
1815	6	3	3
1814	6	3	3
1813	6	3	3
1812	6	3	3
1811	6	3	3
1810	6	3	3
1809	6	3	3
1808	6	3	3
1807	6	3	3
1806	6	3	3
1805	6	3	3
1804	6	3	3
1803	6	3	3
1802	6	3	3
1801	6	3	3
1800	6	3	3
1799	6	3	3
1798	6	3	3
1797	6	3	3
1796	6	3	3
1795	6	3	3
1794	6	3	3
1793	6	3	3
1792	6	3	3
1791	6	3	3
1790	6	3	3
1789	6	3	3
1788	6	3	3
1787	6	3	3
1786	6	3	3
1785	6	3	3
1784	6	3	3
1783	6	3	3
1782	6	3	3
1781	6	3	3
1780	6	3	3
1779	6	3	3
1778	6	3	3
1777	6	3	3
1776	6	3	3
1775	6	3	3
1774	6	3	3
1773	6	3	3
1772	6	3	3
1771	6	3	3
1770	6	3	3
1769	6	3	3
1768	6	3	3
1767	6	3	3
1766	6	3	3
1765	6	3	3
1764	6	3	3
1763	6	3	3
1762	6	3	3
1761	6	3	3
1760	6	3	3
1759	6	3	3
1758	6	3	3
1757	6	3	3
1756	6	3	3
1755	6	3	3
1754	6	3	3
1753	6	3	3
1752	6	3	3
1751	6	3	3
1750	6	3	3
1749	6	3	3
1748	6	3	3
1747	6	3	3
1746	6	3	3
1745	6	3	3
1744	6	3	3
1743	6	3	3
1742	6	3	3
1741	6	3	3
1740	6	3	3
1739	6	3	3
1738	6	3	3
1737	6	3	3
1736	6	3	3
1735	6	3	3
1734	6	3	3
1733	6	3	3
1732	6	3	3
1731	6	3	3
1730	6	3	3
1729	6	3	3
1728	6	3	3
1727	6	3	3
1726	6	3	3
1725	6	3	3
1724	6	3	3
1723	6	3	3
1722	6	3	3
1721	6	3	3
1720	6	3	3
1719	6	3	3
1718	6	3	3
1717	6	3	3
1716	6	3	3
1715	6	3	3
1714	6	3	3
1713	6	3	3
1712	6	3	3
1711	6	3	3
1710	6	3	3
1709	6	3	3
1708	6	3	3
1707	6	3	3
1706	6	3	3
1705	6	3	3
1704	6	3	3
1703	6	3	3
1702	6	3	3
1701	6	3	3
1700	6	3	3
1699	6	3	3
1698	6	3	3
1697	6	3	3
1696	6	3	3
1695	6	3	3
1694	6	3	3
1693	6	3	3
1692	6	3	3
1691	6	3	3
1690	6	3	3
1689	6	3	3
1688	6	3	3
1687	6	3	3
1686	6	3	3
1685	6	3	3
1684	6	3	3
1683	6	3	3
1682	6	3	3
1681	6	3	3
1680	6	3	3
1679	6	3	3
1678	6	3	3
1677	6	3	3
1676	6	3	3
1675	6	3	3
1674	6	3	3
1673	6	3	3
1672	6	3	3
1671	6	3	3
1670	6	3	3
1669	6	3	3
1668	6	3	3
1667	6	3	3
1666	6	3	3
1665	6	3	3
1664	6	3	3
1663	6	3	3
1662	6	3	3
1661	6	3	3
1660	6	3	3
1659	6	3	3
1658	6	3	3
1657	6	3	3
1656	6	3	3
1655	6	3	3
1654	6	3	3
1653	6	3	3
1652	6	3	3
1651	6	3	3
1650	6	3	3
1649	6	3	3
1648	6	3	3
1647	6	3	3
1646	6	3	3
1645	6	3	3
1644	6	3	3
1643	6	3	3
1642	6	3	3
1641	6	3	3
1640	6	3	3
1639	6	3	3
1638	6	3	3
1637	6	3	3
1636	6	3	3
1635	6	3	3
1634	6	3	3
1633	6	3	3
1632	6	3	3
1631	6	3	3
1630	6	3	3
1629	6	3	3
1628	6	3	3
1627	6	3	3
1626	6	3	3
1625	6	3	3
1624	6	3	3
1623	6	3	3
1622	6	3	3
1621	6	3	3
1620	6	3	3
1619	6	3	3
1618	6	3	3
1617	6	3	3
1616	6	3	3
1615	6	3	3
1614	6	3	3
1613	6	3	3
1612	6	3	3
1611	6	3	3
1610	6	3	3
1609	6	3	3
1608	6	3	3
1607	6	3	3
1606	6	3	3
1605	6	3	3
1604	6	3	3
1603	6	3	3
1602	6	3	3
1601	6	3	3
1600	6	3	3
1599	6	3	3
1598	6	3	3
1597	6	3	3
1596	6	3	3
1595	6	3	3
1594	6	3	3
1593	6	3	3
1592	6	3	3
1591	6	3	3
1590	6	3	3
1589	6	3	3
1588	6	3	3
1587	6	3	3
1586	6	3	3
1585	6	3	3
1584	6	3	3
1583	6	3	3
1582	6	3	3
1581	6	3	3
1580	6	3	3
1579	6	2	3
1578	6	2	3
1577	6	2	3
1576	6	2	3
1575	6	2	3
1574	6	2	3
1573	6	2	3
1572	6	2	3
1571	6	2	3
1570	6	2	3
1569	6	2	3
1568	6	2	3
1567	6	2	3
1566	6	2	3
1565	6	2	3
1564	6	2	3
1563	6	2	3
1562	6	2	3
1561	6	2	3
1560	6	2	3
1559	6	2	3
1558	6	2	3
1557	6	2	3
1556	6	2	3
1555	6	2	3
1554	6	2	3
1553	6	2	3
1552	6	2	3
1551	6	2	3
1550	6	2	3
1549	6	2	3
1548	6	2	3
1547	6	2	3
1546	5	2	3
1545	5	2	3
1544	5	2	3
1543	5	2	3
1542	5	2	3
1541	5	2	3
1540	5	2	3
1539	5	2	3
1538	5	2	3
1537	5	2	3
1536	5	2	3
1535	5	2	3
1534	5	2	3
1533	5	2	3
1532	5	2	3
1531	5	2	3
1530	5	2	3
1529	5	2	3
1528	5	2	3
1527	5	2	3
1526	5	2	3
1525	5	2	3
1524	5	2	3
1523	5	2	3
1522	5	2	3
1521	5	2	3
1520	5	2	3
1519	5	2	3
1518	5	2	3
1517	5	2	3
1516	5	2	3
1515	5	2	3
1514	5	2	3
1513	5	2	3
1512	5	2	3
1511	5	2	3
1510	5	2	3
1509	5	2	3
1508	5	2	3
1507	5	2	3
1506	5	2	3
1505	5	2	3
1504	5	2	3
1503	5	2	3
1502	5	2	3
1501	5	2	3
1500	5	2	3
1499	5	2	3
1498	5	2	3
1497	5	2	3
1496	5	2	3
1495	5	2	3
1494	5	2	3
1493	5	2	3
1492	5	2	3
1491	5	2	3
1490	5	2	2
1489	5	2	2
1488	5	2	2
1487	5	2	2
1486	5	2	2
1485	5	2	2
1484	5	2	2
1483	5	2	2
1482	5	2	2
1481	5	2	2
1480	5	2	2
1479	5	2	2
1478	5	2	2
1477	5	2	2
1476	5	2	2
1475	5	2	2
1474	5	2	2
1473	5	2	2
1472	5	2	2
1471	5	2	2
1470	5	2	2
1469	5	2	2
1468	5	2	2
1467	5	2	2
1466	5	2	2
1465	5	2	2
1464	5	2	2
1463	5	2	2
1462	5	2	2
1461	5	2	2
1460	5	2	2
1459	5	2	2
1458	5	2	2
1457	5	2	2
1456	5	2	2
1455	5	2	2
1454	5	2	2
1453	5	2	2
1452	5	2	2
1451	5	2	2
1450	5	2	2
1449	5	2	2
1448	5	2	2
1447	5	2	2
1446	5	2	2
1445	5	2	2
1444	5	2	2
1443	5	2	2
1442	5	2	2
1441	5	2	2
1440	5	2	2
1439	5	2	2
1438	5	2	2
1437	5	2	2
1436	5	2	2
1435	5	2	2
1434	5	2	2
1433	5	2	2
1432	5	2	2
1431	5	2	2
1430	5	2	2
1429	5	2	2
1428	5	2	2
1427	5	2	2
1426	5	2	2
1425	5	2	2
1424	5	2	2
1423	5	2	2
1422	5	2	2
1421	5	2	2
1420	5	2	2
1419	5	2	2
1418	5	2	2
1417	5	2	2
1416	5	2	2
1415	5	2	2
1414	5	2	2
1413	5	2	2
1412	5	2	2
1411	5	2	2
1410	5	2	2
1409	5	2	2
1408	5	2	2
1407	5	2	2
1406	5	2	2
1405	5	2	2
1404	5	2	2
1403	5	2	2
1402	5	2	2
1401	5	2	2
1400	5	2	2
1399	5	2	2
1398	5	2	2
1397	5	2	2
1396	5	2	2
1395	5	2	2
1394	5	2	2
1393	5	2	2
1392	5	2	2
1391	5	2	2
1390	5	2	2
1389	5	2	2
1388	5	2	2
1387	5	2	2
1386	5	2	2
1385	5	2	2
1384	5	2	2
1383	5	2	2
1382	5	2	2
1381	5	2	2
1380	5	2	2
1379	5	2	2
1378	5	2	2
1377	5	2	2
1376	5	2	2
1375	5	2	2
1374	5	2	2
1373	5	2	2
1372	5	2	2
1371	5	2	2
1370	5	2	2
1369	5	2	2
1368	5	2	2
1367	5	2	2
1366	5	2	2
1365	5	2	2
1364	5	2	2
1363	5	2	2
1362	5	2	2
1361	5	2	2
1360	5	2	2
1359	5	2	2
1358	5	2	2
1357	5	2	2
1356	5	2	2
1355	5	2	2
1354	5	2	2
1353	5	2	2
1352	5	2	2
1351	5	2	2
1350	5	2	2
1349	5	2	2
1348	5	2	2
1347	5	2	2
1346	5	2	2
1345	5	2	2
1344	5	2	2
1343	5	2	2
1342	5	2	2
1341	5	2	2
1340	5	2	2
1339	5	2	2
1338	5	2	2
1337	5	2	2
1336	5	2	2
1335	5	2	2
1334	5	2	2
1333	5	2	2
1332	5	2	2
1331	5	2	2
1330	5	2	2
1329	5	2	2
1328	5	2	2
1327	5	2	2
1326	5	2	2
1325	5	2	2
1324	5	2	2
1323	5	2	2
1322	5	2	2
1321	5	2	2
1320	5	2	2
1319	5	2	2
1318	5	2	2
1317	5	2	2
1316	5	2	2
1315	5	2	2
1314	5	2	2
1313	5	2	2
1312	5	2	2
1311	5	2	2
1310	5	2	2
1309	5	2	2
1308	5	2	2
1307	5	2	2
1306	5	2	2
1305	5	2	2
1304	5	2	2
1303	5	2	2
1302	5	2	2
1301	5	2	2
1300	5	2	2
1299	5	2	2
1298	5	2	2
1297	5	2	2
1296	5	2	2
1295	5	2	2
1294	5	2	2
1293	5	2	2
1292	5	2	2
1291	5	2	2
1290	5	2	2
1289	5	2	2
1288	5	2	2
1287	5	2	2
1286	5	2	2
1285	5	2	2
1284	5	2	2
1283	5	2	2
1282	5	2	2
1281	5	2	2
1280	5	2	2
1279	5	2	2
1278	5	2	2
1277	5	2	2
1276	5	2	2
1275	5	2	2
1274	5	2	2
1273	5	2	2
1272	5	2	2
1271	5	2	2
1270	5	2	2
1269	5	2	2
1268	5	2	2
1267	5	2	2
1266	5	2	2
1265	5	2	2
1264	5	2	2
1263	5	2	2
1262	5	2	2
1261	5	2	2
1260	5	2	2
1259	5	2	2
1258	5	2	2
1257	5	2	2
1256	5	2	2
1255	5	2	2
1254	5	2	2
1253	5	2	2
1252	5	2	2
1251	5	2	2
1250	5	2	2
1249	5	2	2
1248	5	2	2
1247	5	2	2
1246	5	2	2
1245	5	2	2
1244	5	2	2
1243	5	2	2
1242	5	2	2
1241	5	2	2
1240	5	2	2
1239	5	2	2
1238	5	2	2
1237	5	2	2
1236	5	2	2
1235	5	2	2
1234	5	2	2
1233	5	2	2
1232	5	2	2
1231	5	2	2
1230	5	2	2
1229	5	2	2
1228	5	2	2
1227	5	2	2
1226	5	2	2
1225	5	2	2
1224	5	2	2
1223	5	2	2
1222	5	2	2
1221	5	2	2
1220	5	2	2
1219	5	2	2
1218	5	2	2
1217	5	2	2
1216	5	2	2
1215	5	2	2
1214	5	2	2
1213	5	2	2
1212	5	2	2
1211	5	2	2
1210	5	2	2
1209	5	2	2
1208	5	2	2
1207	5	2	2
1206	5	2	2
1205	5	2	2
1204	5	2	2
1203	5	2	2
1202	5	2	2
1201	5	2	2
1200	5	2	2
1199	5	2	2
1198	5	2	2
1197	5	2	2
1196	5	2	2
1195	5	2	2
1194	5	2	2
1193	5	2	2
1192	5	2	2
1191	5	2	2
1190	5	2	2
1189	5	2	2
1188	5	2	2
1187	5	2	2
1186	5	2	2
1185	5	2	2
1184	5	2	2
1183	5	2	2
1182	5	2	2
1181	5	2	2
1180	5	2	2
1179	5	2	2
1178	5	2	2
1177	5	2	2
1176	5	2	2
1175	5	2	2
1174	5	2	2
1173	5	2	2
1172	5	2	2
1171	5	2	2
1170	5	2	2
1169	5	2	2
1168	5	2	2
1167	5	2	2
1166	5	2	2
1165	5	2	2
1164	5	2	2
1163	5	2	2
1162	5	2	2
1161	5	2	2
1160	5	2	2
1159	5	2	2
1158	5	2	2
1157	5	2	2
1156	5	2	2
1155	5	2	2
1154	5	2	2
1153	5	2	2
1152	5	2	2
1151	5	2	2
1150	5	2	2
1149	5	2	2
1148	5	2	2
1147	5	2	2
1146	5	2	2
1145	5	2	2
1144	5	2	2
1143	5	2	2
1142	5	2	2
1141	5	2	2
1140	5	2	2
1139	5	2	2
1138	5	2	2
1137	5	2	2
1136	5	2	2
1135	5	2	2
1134	5	2	2
1133	5	2	2
1132	5	2	2
1131	5	2	2
1130	5	2	2
1129	5	2	2
1128	5	2	2
1127	5	2	2
1126	5	2	2
1125	5	2	2
1124	5	2	2
1123	5	2	2
1122	5	2	2
1121	5	2	2
1120	5	2	2
1119	5	2	2
1118	5	2	2
1117	5	2	2
1116	5	2	2
1115	5	2	2
1114	5	2	2
1113	5	2	2
1112	5	2	2
1111	5	2	2
1110	5	2	2
1109	5	2	2
1108	5	2	2
1107	5	2	2
1106	5	2	2
1105	5	2	2
1104	5	2	2
1103	5	2	2
1102	5	2	2
1101	5	2	2
1100	5	2	2
1099	5	2	2
1098	5	2	2
1097	5	2	2
1096	5	2	2
1095	5	2	2
1094	5	2	2
1093	5	2	2
1092	5	2	2
1091	5	2	2
1090	5	2	2
1089	5	2	2
1088	5	2	2
1087	5	2	2
1086	5	2	2
1085	4	2	2
1084	4	2	2
1083	4	2	2
1082	4	2	2
1081	4	2	2
1080	4	2	2
1079	4	2	2
1078	4	2	2
1077	4	2	2
1076	4	2	2
1075	4	2	2
1074	4	2	2
1073	4	2	2
1072	4	2	2
1071	4	2	2
1070	4	2	2
1069	4	2	2
1068	4	2	2
1067	4	2	2
1066	4	2	2
1065	4	2	2
1064	4	2	2
1063	4	2	2
1062	4	2	2
1061	4	2	2
1060	4	2	2
1059	4	2	2
1058	4	2	2
1057	4	2	2
1056	4	2	2
1055	4	2	2
1054	4	2	2
1053	4	2	2
1052	4	2	2
1051	4	2	2
1050	4	2	2
1049	4	2	2
1048	4	2	2
1047	4	2	2
1046	4	2	2
1045	4	2	2
1044	4	2	2
1043	4	2	2
1042	4	2	2
1041	4	2	2
1040	4	2	2
1039	4	2	2
1038	4	2	2
1037	4	2	2
1036	4	2	2
1035	4	2	2
1034	4	2	2
1033	4	2	2
1032	4	2	2
1031	4	2	2
1030	4	2	2
1029	4	2	2
1028	4	2	2
1027	4	2	2
1026	4	2	2
1025	4	2	2
1024	4	2	2
1023	4	2	2
1022	4	2	2
1021	4	2	2
1020	4	2	2
1019	4	2	2
1018	4	2	2
1017	4	2	2
1016	4	2	2
1015	4	2	2
1014	4	2	2
1013	4	2	2
1012	4	2	2
1011	4	2	2
1010	4	2	2
1009	4	2	2
1008	4	2	2
1007	4	2	2
1006	4	2	2
1005	4	2	2
1004	4	2	2
1003	4	2	2
1002	4	2	2
1001	4	2	2
1000	4	2	2
999	4	2	2
998	4	2	2
997	4	2	2
996	4	2	2
995	4	2	2
994	4	2	2
993	4	2	2
992	4	2	2
991	4	2	2
990	4	2	2
989	4	2	2
988	4	2	2
987	4	2	2
986	4	2	2
985	4	2	2
984	4	2	2
983	4	2	2
982	4	2	2
981	4	2	2
980	4	2	2
979	4	2	2
978	4	2	2
977	4	2	2
976	4	2	2
975	4	2	2
974	4	2	2
973	4	2	2
972	4	2	2
971	4	2	2
970	4	2	2
969	4	2	2
968	4	2	2
967	4	2	2
966	4	2	2
965	4	2	2
964	4	2	2
963	4	2	2
962	4	2	2
961	4	2	2
960	4	2	2
959	4	2	2
958	4	2	2
957	4	2	2
956	4	2	2
955	4	2	2
954	4	2	2
953	4	2	2
952	4	2	2
951	4	2	2
950	4	2	2
949	4	2	2
948	4	2	2
947	4	2	2
946	4	2	2
945	4	2	2
944	4	2	2
943	4	2	2
942	4	2	2
941	4	2	2
940	4	2	2
939	4	2	2
938	4	2	2
937	4	2	2
936	4	2	2
935	4	2	2
934	4	2	2
933	4	2	2
932	4	2	2
931	4	2	2
930	4	2	2
929	4	2	2
928	4	2	2
927	4	2	2
926	4	2	2
925	4	2	2
924	4	2	2
923	4	2	2
922	4	2	2
921	4	2	2
920	4	2	2
919	4	2	2
918	4	2	2
917	4	2	2
916	4	2	2
915	4	2	2
914	4	2	2
913	4	2	2
912	4	2	2
911	4	2	2
910	4	2	2
909	4	2	2
908	4	2	2
907	4	2	2
906	4	2	2
905	4	2	2
904	4	2	2
903	4	2	2
902	4	2	2
901	4	2	2
900	4	2	2
899	4	2	2
898	4	2	2
897	4	2	2
896	4	2	2
895	4	2	2
894	4	2	2
893	4	2	2
892	4	2	2
891	4	2	2
890	4	2	2
889	4	2	2
888	4	2	2
887	4	2	2
886	4	2	2
885	4	2	2
884	4	2	2
883	4	2	2
882	4	2	2
881	4	2	2
880	4	2	2
879	4	2	2
878	4	2	2
877	4	2	2
876	4	2	2
875	4	2	2
874	4	2	2
873	4	2	2
872	4	2	2
871	4	2	2
870	4	2	2
869	4	2	2
868	4	2	2
867	4	2	2
866	4	2	2
865	4	2	2
864	4	2	2
863	4	1	2
862	4	1	2
861	4	1	2
860	4	1	2
859	4	1	2
858	4	1	2
857	4	1	2
856	4	1	2
855	4	1	2
854	4	1	2
853	4	1	2
852	4	1	2
851	4	1	2
850	4	1	2
849	4	1	2
848	4	1	2
847	4	1	2
846	4	1	2
845	4	1	2
844	4	1	2
843	4	1	2
842	4	1	2
841	4	1	2
840	4	1	2
839	4	1	2
838	4	1	2
837	4	1	2
836	4	1	2
835	4	1	2
834	4	1	2
833	4	1	2
832	4	1	2
831	4	1	2
830	4	1	2
829	4	1	2
828	4	1	2
827	4	1	2
826	4	1	2
825	4	1	2
824	4	1	2
823	4	1	2
822	4	1	2
821	4	1	2
820	4	1	2
819	4	1	2
818	4	1	2
817	4	1	2
816	4	1	2
815	4	1	2
814	4	1	2
813	4	1	2
812	4	1	2
811	4	1	2
810	4	1	2
809	4	1	2
808	4	1	2
807	4	1	2
806	4	1	1
805	4	1	1
804	4	1	1
803	4	1	1
802	4	1	1
801	4	1	1
800	4	1	1
799	4	1	1
798	4	1	1
797	4	1	1
796	4	1	1
795	4	1	1
794	4	1	1
793	4	1	1
792	4	1	1
791	4	1	1
790	4	1	1
789	4	1	1
788	4	1	1
787	4	1	1
786	4	1	1
785	4	1	1
784	4	1	1
783	4	1	1
782	4	1	1
781	4	1	1
780	4	1	1
779	4	1	1
778	4	1	1
777	4	1	1
776	4	1	1
775	4	1	1
774	4	1	1
773	4	1	1
772	4	1	1
771	4	1	1
770	4	1	1
769	4	1	1
768	4	1	1
767	4	1	1
766	4	1	1
765	4	1	1
764	4	1	1
763	4	1	1
762	4	1	1
761	4	1	1
760	4	1	1
759	4	1	1
758	4	1	1
757	4	1	1
756	4	1	1
755	4	1	1
754	4	1	1
753	4	1	1
752	4	1	1
751	4	1	1
750	4	1	1
749	4	1	1
748	4	1	1
747	4	1	1
746	4	1	1
745	4	1	1
744	4	1	1
743	4	1	1
742	4	1	1
741	4	1	1
740	4	1	1
739	4	1	1
738	4	1	1
737	4	1	1
736	4	1	1
735	4	1	1
734	4	1	1
733	4	1	1
732	4	1	1
731	4	1	1
730	4	1	1
729	4	1	1
728	4	1	1
727	4	1	1
726	4	1	1
725	4	1	1
724	4	1	1
723	4	1	1
722	4	1	1
721	4	1	1
720	4	1	1
719	4	1	1
718	4	1	1
717	4	1	1
716	4	1	1
715	4	1	1
714	4	1	1
713	4	1	1
712	4	1	1
711	4	1	1
710	4	1	1
709	4	1	1
708	4	1	1
707	4	1	1
706	4	1	1
705	4	1	1
704	4	1	1
703	4	1	1
702	4	1	1
701	4	1	1
700	4	1	1
699	4	1	1
698	4	1	1
697	4	1	1
696	4	1	1
695	4	1	1
694	4	1	1
693	4	1	1
692	4	1	1
691	4	1	1
690	4	1	1
689	4	1	1
688	4	1	1
687	4	1	1
686	4	1	1
685	4	1	1
684	4	1	1
683	4	1	1
682	4	1	1
681	4	1	1
680	4	1	1
679	4	1	1
678	4	1	1
677	4	1	1
676	4	1	1
675	4	1	1
674	4	1	1
673	4	1	1
672	4	1	1
671	4	1	1
670	4	1	1
669	4	1	1
668	4	1	1
667	4	1	1
666	4	1	1
665	4	1	1
664	4	1	1
663	4	1	1
662	4	1	1
661	4	1	1
660	4	1	1
659	4	1	1
658	4	1	1
657	4	1	1
656	4	1	1
655	4	1	1
654	4	1	1
653	4	1	1
652	4	1	1
651	4	1	1
650	4	1	1
649	4	1	1
648	3	1	1
647	3	1	1
646	3	1	1
645	3	1	1
644	3	1	1
643	3	1	1
642	3	1	1
641	3	1	1
640	3	1	1
639	3	1	1
638	3	1	1
637	3	1	1
636	3	1	1
635	3	1	1
634	3	1	1
633	3	1	1
632	3	1	1
631	3	1	1
630	3	1	1
629	3	1	1
628	3	1	1
627	3	1	1
626	3	1	1
625	3	1	1
624	3	1	1
623	3	1	1
622	3	1	1
621	3	1	1
620	3	1	1
619	3	1	1
618	3	1	1
617	3	1	1
616	3	1	1
615	3	1	1
614	3	1	1
613	3	1	1
612	3	1	1
611	3	1	1
610	3	1	1
609	3	1	1
608	3	1	1
607	3	1	1
606	3	1	1
605	3	1	1
604	3	1	1
603	3	1	1
602	3	1	1
601	3	1	1
600	3	1	1
599	3	1	1
598	3	1	1
597	3	1	1
596	3	1	1
595	3	1	1
594	3	1	1
593	3	1	1
592	3	1	1
591	3	1	1
590	3	1	1
589	3	1	1
588	3	1	1
587	3	1	1
586	3	1	1
585	3	1	1
584	3	1	1
583	3	1	1
582	3	1	1
581	3	1	1
580	3	1	1
579	3	1	1
578	3	1	1
577	3	1	1
576	3	1	1
575	3	1	1
574	3	1	1
573	3	1	1
572	3	1	1
571	3	1	1
570	3	1	1
569	3	1	1
568	3	1	1
567	3	1	1
566	3	1	1
565	3	1	1
564	3	1	1
563	3	1	1
562	3	1	1
561	3	1	1
560	3	1	1
559	3	1	1
558	3	1	1
557	3	1	1
556	3	1	1
555	3	1	1
554	3	1	1
553	3	1	1
552	3	1	1
551	3	1	1
550	3	1	1
549	3	1	1
548	3	1	1
547	3	1	1
546	3	1	1
545	3	1	1
544	3	1	1
543	3	1	1
542	3	1	1
541	3	1	1
540	3	1	1
539	3	1	1
538	3	1	1
537	3	1	1
536	3	1	1
535	3	1	1
534	3	1	1
533	3	1	1
532	3	1	1
531	3	1	1
530	3	1	1
529	3	1	1
528	3	1	1
527	3	1	1
526	3	1	1
525	3	1	1
524	3	1	1
523	3	1	1
522	3	1	1
521	3	1	1
520	3	1	1
519	3	1	1
518	3	1	1
517	3	1	1
516	3	1	1
515	3	1	1
514	3	1	1
513	3	1	1
512	3	1	1
511	3	1	1
510	3	1	1
509	3	1	1
508	3	1	1
507	3	1	1
506	3	1	1
505	3	1	1
504	3	1	1
503	3	1	1
502	3	1	1
501	3	1	1
500	3	1	1
499	3	1	1
498	3	1	1
497	3	1	1
496	3	1	1
495	3	1	1
494	3	1	1
493	3	1	1
492	3	1	1
491	3	1	1
490	3	1	1
489	3	1	1
488	3	1	1
487	3	1	1
486	3	1	1
485	3	1	1
484	3	1	1
483	3	1	1
482	3	1	1
481	3	1	1
480	3	1	1
479	3	1	1
478	3	1	1
477	3	1	1
476	3	1	1
475	3	1	1
474	3	1	1
473	3	1	1
472	3	1	1
471	3	1	1
470	3	1	1
469	3	1	1
468	3	1	1
467	3	1	1
466	3	1	1
465	3	1	1
464	3	1	1
463	3	1	1
462	3	1	1
461	3	1	1
460	3	1	1
459	3	1	1
458	3	1	1
457	3	1	1
456	3	1	1
455	3	1	1
454	3	1	1
453	3	1	1
452	3	1	1
451	3	1	1
450	3	1	1
449	3	1	1
448	3	1	1
447	3	1	1
446	3	1	1
445	3	1	1
444	3	1	1
443	3	1	1
442	3	1	1
441	3	1	1
440	3	1	1
439	3	1	1
438	3	1	1
437	3	1	1
436	3	1	1
435	3	1	1
434	3	1	1
433	3	1	1
432	3	1	1
431	3	1	1
430	3	1	1
429	3	1	1
428	3	1	1
427	3	1	1
426	3	1	1
425	3	1	1
424	3	1	1
423	3	1	1
422	3	1	1
421	3	1	1
420	3	1	1
419	3	1	1
418	3	1	1
417	3	1	1
416	3	1	1
415	3	1	1
414	3	1	1
413	3	1	1
412	3	1	1
411	3	1	1
410	3	1	1
409	3	1	1
408	3	1	1
407	3	1	1
406	3	1	1
405	3	1	1
404	3	1	1
403	3	1	1
402	3	1	1
401	3	1	1
400	3	1	1
399	3	1	1
398	3	1	1
397	3	1	1
396	3	1	1
395	3	1	1
394	3	1	1
393	3	1	1
392	3	1	1
391	3	1	1
390	3	1	1
389	3	1	1
388	3	1	1
387	3	1	1
386	3	1	1
385	3	1	1
384	3	1	1
383	3	1	1
382	3	1	1
381	3	1	1
380	3	1	1
379	3	1	1
378	3	1	1
377	3	1	1
376	3	1	1
375	3	1	1
374	3	1	1
373	3	1	1
372	3	1	1
371	3	1	1
370	3	1	1
369	3	1	1
368	3	1	1
367	3	1	1
366	3	1	1
365	3	1	1
364	3	1	1
363	3	1	1
362	3	1	1
361	3	1	1
360	3	1	1
359	3	1	1
358	3	1	1
357	3	1	1
356	3	1	1
355	3	1	1
354	3	1	1
353	3	1	1
352	3	1	1
351	3	1	1
350	3	1	1
349	3	1	1
348	3	1	1
347	3	1	1
346	3	1	1
345	3	1	1
344	3	1	1
343	3	1	1
342	3	1	1
341	3	1	1
340	3	1	1
339	3	1	1
338	3	1	1
337	3	1	1
336	3	1	1
335	3	1	1
334	3	1	1
333	3	1	1
332	3	1	1
331	3	1	1
330	3	1	1
329	3	1	1
328	3	1	1
327	3	1	1
326	3	1	1
325	3	1	1
324	3	1	1
323	3	1	1
322	3	1	1
321	3	1	1
320	3	1	1
319	3	1	1
318	3	1	1
317	3	1	1
316	3	1	1
315	3	1	1
314	3	1	1
313	3	1	1
312	3	1	1
311	3	1	1
310	3	1	1
309	3	1	1
308	3	1	1
307	3	1	1
306	3	1	1
305	3	1	1
304	3	1	1
303	3	1	1
302	3	1	1
301	3	1	1
300	3	1	1
299	3	1	1
298	3	1	1
297	3	1	1
296	3	1	1
295	3	1	1
294	3	1	1
293	3	1	1
292	3	1	1
291	3	1	1
290	3	1	1
289	3	1	1
288	3	1	1
287	3	1	1
286	3	1	1
285	3	1	1
284	3	1	1
283	3	1	1
282	3	1	1
281	2	1	1
280	2	1	1
279	2	1	1
278	2	1	1
277	2	1	1
276	2	1	1
275	2	1	1
274	2	1	1
273	2	1	1
272	2	1	1
271	2	1	1
270	2	1	1
269	2	1	1
268	2	1	1
267	2	1	1
266	2	1	1
265	2	1	1
264	2	1	1
263	2	1	1
262	2	1	1
261	2	1	1
260	2	1	1
259	2	1	1
258	2	1	1
257	2	1	1
256	2	1	1
255	2	1	1
254	2	1	1
253	2	1	1
252	2	1	1
251	2	1	1
250	2	1	1
249	2	1	1
248	2	1	1
247	2	1	1
246	2	1	1
245	2	0	1
244	2	0	1
243	2	0	1
242	2	0	1
241	2	0	1
240	2	0	1
239	2	0	1
238	2	0	1
237	2	0	1
236	2	0	1
235	2	0	1
234	2	0	1
233	2	0	1
232	2	0	1
231	2	0	1
230	2	0	1
229	2	0	1
228	2	0	1
227	2	0	1
226	2	0	1
225	2	0	1
224	2	0	1
223	2	0	1
222	2	0	1
221	2	0	1
220	2	0	1
219	2	0	1
218	2	0	1
217	2	0	1
216	2	0	1
215	2	0	1
214	2	0	1
213	2	0	1
212	2	0	1
211	2	0	1
210	2	0	1
209	2	0	1
208	2	0	0
207	2	0	0
206	2	0	0
205	2	0	0
204	2	0	0
203	2	0	0
202	2	0	0
201	2	0	0
200	2	0	0
199	2	0	0
198	2	0	0
197	2	0	0
196	2	0	0
195	2	0	0
194	2	0	0
193	2	0	0
192	2	0	0
191	2	0	0
190	2	0	0
189	2	0	0
188	2	0	0
187	2	0	0
186	2	0	0
185	2	0	0
184	2	0	0
183	2	0	0
182	2	0	0
181	2	0	0
180	2	0	0
179	2	0	0
178	2	0	0
177	2	0	0
176	2	0	0
175	2	0	0
174	2	0	0
173	2	0	0
172	2	0	0
171	2	0	0
170	2	0	0
169	2	0	0
168	2	0	0
167	2	0	0
166	2	0	0
165	2	0	0
164	2	0	0
163	2	0	0
162	2	0	0
161	2	0	0
160	2	0	0
159	2	0	0
158	2	0	0
157	2	0	0
156	2	0	0
155	2	0	0
154	2	0	0
153	2	0	0
152	2	0	0
151	2	0	0
150	2	0	0
149	2	0	0
148	2	0	0
147	2	0	0
146	2	0	0
145	2	0	0
144	2	0	0
143	2	0	0
142	2	0	0
141	2	0	0
140	2	0	0
139	2	0	0
138	2	0	0
137	2	0	0
136	2	0	0
135	2	0	0
134	2	0	0
133	2	0	0
132	2	0	0
131	2	0	0
130	2	0	0
129	2	0	0
128	2	0	0
127	2	0	0
126	2	0	0
125	2	0	0
124	2	0	0
123	2	0	0
122	2	0	0
121	2	0	0
120	2	0	0
119	2	0	0
118	2	0	0
117	2	0	0
116	2	0	0
115	2	0	0
114	2	0	0
113	2	0	0
112	2	0	0
111	2	0	0
110	2	0	0
109	2	0	0
108	2	0	0
107	2	0	0
106	2	0	0
105	2	0	0
104	2	0	0
103	2	0	0
102	2	0	0
101	2	0	0
100	2	0	0
99	1	0	0
98	1	0	0
97	1	0	0
96	1	0	0
95	1	0	0
94	1	0	0
93	1	0	0
92	1	0	0
91	1	0	0
90	1	0	0
89	1	0	0
88	1	0	0
87	1	0	0
86	1	0	0
85	1	0	0
84	1	0	0
83	1	0	0
82	1	0	0
81	1	0	0
80	1	0	0
79	1	0	0
78	1	0	0
77	1	0	0
76	1	0	0
75	1	0	0
74	1	0	0
73	1	0	0
72	1	0	0
71	1	0	0
70	1	0	0
69	1	0	0
68	1	0	0
67	1	0	0
66	1	0	0
65	1	0	0
64	1	0	0
63	1	0	0
62	1	0	0
61	1	0	0
60	1	0	0
59	1	0	0
58	1	0	0
57	1	0	0
56	1	0	0
55	1	0	0
54	1	0	0
53	1	0	0
52	1	0	0
51	1	0	0
50	1	0	0
49	1	0	0
48	1	0	0
47	1	0	0
46	1	0	0
45	1	0	0
44	1	0	0
43	1	0	0
42	1	0	0
41	1	0	0
40	1	0	0
39	1	0	0
38	1	0	0
37	1	0	0
36	1	0	0
35	1	0	0
34	1	0	0
33	1	0	0
32	1	0	0
31	1	0	0
30	1	0	0
29	1	0	0
28	1	0	0
27	1	0	0
26	1	0	0
25	1	0	0
24	1	0	0
23	1	0	0
22	1	0	0
21	1	0	0
20	1	0	0
19	1	0	0
18	1	0	0
17	1	0	0
16	1	0	0
15	1	0	0
14	0	0	0
13	0	0	0
12	0	0	0
11	0	0	0
10	0	0	0
9	0	0	0
8	0	0	0
7	0	0	0
6	0	0	0
5	0	0	0
4	0	0	0
3	0	0	0
2	0	0	0
1	0	0	0
