39, 40, 7, 206, 180, 78, 22, 183, 56, 26, 220, 218
192, 235, 164, 166, 136, 43, 45, 200, 114, 58, 27, 158
193, 97, 161, 72, 169, 39, 45, 237, 178, 23, 184, 201
128, 33, 167, 168, 138, 13, 112, 50, 53, 24, 153, 186
116, 164, 70, 72, 142, 48, 148, 21, 22, 87, 184, 153
96, 34, 197, 135, 108, 10, 204, 110, 50, 172, 23, 190
51, 197, 231, 124, 74, 199, 79, 156, 147, 52, 22, 188
0, 99, 71, 106, 76, 142, 145, 117, 122, 92, 29, 63
27, 147, 38, 73, 157, 17, 114, 51, 21, 153, 143, 61
128, 97, 65, 104, 173, 142, 144, 212, 89, 26, 188, 31
195, 228, 5, 38, 142, 207, 52, 78, 214, 196, 90, 59
192, 98, 71, 231, 14, 61, 81, 50, 149, 57, 189, 63
225, 162, 103, 108, 18, 47, 210, 148, 126, 216, 221, 190
129, 3, 195, 103, 200, 202, 43, 109, 206, 163, 155, 191
161, 163, 86, 11, 189, 18, 219, 57, 153, 155, 118, 159
160, 192, 164, 76, 42, 204, 205, 175, 20, 25, 158, 127
97, 99, 37, 72, 73, 76, 77, 175, 54, 137, 24, 158
66, 229, 135, 8, 44, 42, 236, 162, 18, 51, 22, 88
130, 165, 103, 136, 43, 12, 66, 14, 17, 78, 188, 197
228, 166, 201, 23, 56, 115, 180, 53, 55, 137, 30, 95
192, 208, 68, 38, 103, 232, 174, 15, 144, 81, 210, 168
194, 4, 37, 70, 232, 62, 8, 116, 94, 187, 156, 30
0, 97, 4, 6, 232, 169, 106, 206, 17, 149, 54, 58
2, 5, 168, 87, 77, 232, 19, 180, 89, 153, 91, 60
131, 132, 106, 172, 205, 16, 3, 150, 56, 25, 58, 95
32, 129, 227, 33, 136, 109, 15, 113, 24, 217, 188, 104
0, 194, 101, 9, 139, 238, 47, 145, 83, 214, 73, 220
1, 34, 35, 101, 102, 8, 105, 172, 85, 150, 152, 219
161, 34, 164, 182, 40, 109, 143, 112, 214, 100, 60, 93
161, 226, 211, 7, 136, 41, 167, 145, 115, 52, 181, 222
225, 194, 231, 44, 47, 82, 19, 21, 57, 59, 157, 159
96, 99, 69, 166, 104, 9, 42, 239, 79, 95, 187, 127
131, 70, 231, 136, 203, 44, 189, 200, 163, 25, 59, 221
162, 3, 71, 234, 203, 236, 114, 171, 25, 123, 221, 62
133, 171, 5, 107, 207, 209, 147, 181, 235, 27, 28, 101
129, 66, 59, 161, 201, 203, 82, 146, 85, 151, 120, 27
193, 162, 229, 166, 204, 238, 143, 146, 217, 186, 47, 102
164, 132, 134, 231, 72, 138, 16, 209, 21, 57, 63, 149
133, 209, 72, 10, 200, 8, 82, 20, 151, 52, 60, 74
0, 2, 105, 75, 76, 178, 212, 214, 201, 186, 92, 157
0, 195, 72, 105, 170, 44, 206, 99, 211, 121, 28, 190
129, 227, 132, 167, 169, 79, 156, 163, 215, 111, 92, 29
131, 102, 209, 169, 172, 15, 17, 116, 186, 123, 60, 31
1, 163, 196, 106, 13, 46, 18, 217, 152, 68, 93, 127
32, 194, 40, 170, 235, 174, 175, 17, 147, 86, 187, 30
225, 2, 203, 1, 105, 235, 76, 205, 113, 51, 155, 189
160, 98, 134, 43, 108, 191, 142, 145, 86, 187, 62, 159
36, 167, 74, 55, 12, 111, 120, 30, 151, 216, 26, 62
149, 4, 238, 112, 212, 117, 184, 121, 191, 220, 190, 159
96, 211, 103, 73, 139, 108, 205, 172, 158, 188, 125, 222
192, 3, 5, 169, 138, 11, 131, 212, 218, 187, 234, 63
6, 8, 170, 171, 45, 109, 208, 17, 84, 213, 207, 202
64, 6, 38, 10, 78, 205, 238, 146, 53, 150, 59, 29
96, 161, 3, 233, 76, 77, 79, 19, 52, 182, 169, 124
130, 66, 199, 233, 106, 141, 157, 16, 209, 22, 154, 189
112, 98, 164, 102, 74, 174, 47, 176, 19, 118, 219, 92
0, 65, 24, 221, 208, 81, 19, 150, 120, 89, 111, 125
70, 67, 69, 134, 11, 173, 14, 79, 179, 156, 30, 37
1, 195, 233, 234, 172, 178, 146, 83, 62, 22, 24, 126
32, 35, 163, 10, 110, 207, 176, 81, 115, 52, 206, 30
38, 136, 42, 236, 143, 144, 113, 116, 23, 90, 28, 221
131, 8, 11, 189, 112, 232, 183, 185, 123, 221, 126, 191
128, 33, 171, 229, 134, 203, 46, 47, 21, 58, 91, 191
99, 196, 37, 209, 169, 11, 141, 81, 50, 7, 155, 220
224, 65, 229, 73, 109, 93, 52, 213, 212, 155, 189, 127
64, 161, 133, 166, 72, 9, 168, 56, 90, 95, 154, 191
192, 35, 150, 201, 140, 206, 79, 144, 17, 18, 54, 90
68, 235, 93, 221, 80, 81, 210, 186, 57, 122, 189, 127
67, 133, 198, 199, 43, 76, 77, 79, 177, 210, 148, 20
225, 87, 215, 146, 209, 82, 147, 57, 217, 122, 151, 31
32, 4, 198, 73, 171, 82, 21, 182, 215, 57, 154, 223
192, 33, 107, 7, 232, 170, 11, 142, 217, 156, 202, 94
65, 2, 4, 37, 38, 40, 205, 175, 16, 212, 117, 101
128, 64, 133, 70, 8, 140, 239, 16, 49, 26, 154, 197
163, 6, 38, 107, 204, 174, 47, 176, 149, 86, 55, 159
195, 132, 165, 39, 105, 140, 237, 239, 80, 178, 179, 100
68, 229, 7, 170, 39, 45, 15, 16, 53, 184, 218, 111
224, 68, 133, 87, 236, 142, 16, 213, 23, 218, 91, 53
0, 150, 230, 10, 139, 208, 18, 52, 182, 120, 219, 92
225, 66, 68, 6, 41, 204, 194, 53, 57, 187, 189, 31
224, 129, 226, 67, 100, 75, 98, 131, 222, 118, 87, 94
67, 229, 11, 110, 208, 216, 20, 149, 56, 59, 101, 63
35, 69, 70, 231, 38, 140, 143, 30, 123, 239, 158, 223
168, 170, 236, 93, 207, 151, 88, 202, 58, 26, 94, 191
160, 134, 170, 235, 223, 175, 51, 212, 138, 143, 93, 191
98, 35, 164, 113, 205, 175, 145, 196, 154, 27, 158, 159
160, 165, 166, 103, 74, 46, 44, 238, 14, 119, 190, 159
224, 4, 69, 167, 137, 138, 77, 110, 80, 23, 88, 153
193, 161, 150, 134, 135, 200, 234, 17, 83, 180, 214, 87
103, 201, 23, 237, 176, 146, 9, 56, 217, 157, 169, 223
65, 66, 106, 203, 130, 110, 109, 182, 122, 60, 10, 158
194, 132, 138, 23, 236, 77, 175, 113, 185, 100, 155, 62
160, 162, 101, 39, 41, 7, 140, 78, 143, 144, 55, 223
64, 67, 43, 178, 145, 114, 83, 84, 121, 185, 155, 28
227, 179, 71, 234, 235, 80, 113, 83, 180, 21, 216, 156
65, 134, 141, 174, 173, 145, 146, 19, 181, 24, 188, 31
160, 162, 5, 199, 237, 110, 141, 49, 53, 185, 155, 31
224, 2, 171, 9, 139, 16, 179, 181, 22, 151, 152, 117
226, 214, 230, 11, 237, 46, 80, 178, 148, 85, 118, 55
7, 40, 233, 204, 206, 16, 117, 119, 169, 31, 188, 63
224, 226, 227, 104, 75, 80, 145, 121, 91, 28, 157, 127
34, 197, 81, 72, 108, 202, 204, 209, 181, 26, 27, 92
129, 36, 165, 233, 42, 209, 55, 185, 122, 27, 190, 223
224, 104, 12, 141, 13, 49, 18, 20, 86, 120, 89, 127
128, 193, 130, 100, 103, 233, 194, 207, 9, 184, 25, 31
75, 229, 39, 40, 201, 215, 45, 239, 146, 183, 152, 27
192, 43, 54, 7, 107, 236, 177, 22, 24, 90, 124, 122
129, 34, 219, 71, 106, 235, 172, 117, 118, 187, 124, 74
193, 227, 5, 135, 168, 170, 12, 173, 46, 49, 182, 101
64, 197, 140, 204, 13, 176, 51, 213, 185, 25, 90, 28
96, 144, 131, 5, 81, 173, 208, 145, 87, 216, 90, 59
195, 41, 138, 171, 76, 47, 120, 179, 56, 217, 202, 126
163, 232, 220, 202, 143, 48, 221, 3, 55, 186, 28, 61
194, 196, 229, 170, 151, 45, 85, 185, 25, 91, 60, 94
128, 129, 1, 33, 230, 135, 8, 144, 168, 215, 216, 93
193, 132, 231, 200, 203, 143, 19, 119, 185, 59, 29, 127
4, 211, 42, 139, 207, 147, 21, 215, 217, 154, 60, 190
97, 203, 131, 7, 72, 107, 173, 48, 200, 99, 120, 222
80, 98, 163, 230, 107, 141, 14, 208, 177, 55, 189, 191
99, 179, 195, 199, 137, 115, 180, 86, 186, 123, 218, 133
193, 35, 198, 103, 201, 78, 47, 117, 56, 111, 222, 213
228, 198, 40, 220, 206, 48, 200, 146, 153, 100, 188, 93
226, 67, 228, 69, 102, 7, 106, 173, 176, 180, 215, 90
33, 162, 225, 136, 233, 42, 204, 82, 147, 119, 187, 61
161, 107, 198, 6, 137, 106, 171, 126, 53, 187, 134, 230
130, 132, 197, 140, 206, 176, 49, 151, 56, 219, 220, 223
192, 131, 228, 124, 12, 207, 111, 184, 58, 219, 188, 61
64, 67, 228, 103, 43, 141, 175, 176, 115, 100, 15, 31
3, 150, 198, 104, 9, 234, 239, 177, 114, 214, 73, 62
35, 165, 102, 41, 107, 172, 13, 80, 114, 182, 151, 25
229, 166, 104, 140, 138, 204, 18, 149, 54, 90, 125, 213
32, 42, 110, 80, 50, 148, 117, 150, 24, 202, 61, 126
224, 228, 37, 166, 41, 170, 75, 115, 137, 24, 91, 125
65, 34, 68, 38, 73, 77, 174, 149, 182, 119, 184, 190
162, 197, 46, 145, 84, 88, 57, 187, 124, 37, 62, 95
226, 5, 234, 108, 176, 17, 114, 179, 88, 185, 189, 222
32, 1, 164, 60, 238, 18, 183, 152, 25, 123, 220, 29
228, 167, 234, 139, 238, 16, 146, 19, 87, 132, 119, 124
130, 3, 228, 37, 201, 203, 111, 50, 84, 214, 87, 91
97, 198, 137, 171, 141, 78, 173, 49, 116, 149, 201, 26
130, 73, 75, 109, 66, 237, 177, 82, 153, 175, 92, 125
160, 96, 118, 230, 103, 63, 234, 139, 236, 54, 95, 127
4, 71, 9, 10, 199, 77, 46, 210, 212, 182, 151, 7
36, 8, 220, 28, 112, 92, 82, 115, 180, 84, 218, 60
66, 164, 232, 92, 202, 110, 114, 20, 9, 219, 60, 222
193, 100, 134, 7, 173, 110, 93, 46, 26, 29, 85, 95
35, 36, 69, 137, 237, 148, 89, 105, 121, 58, 52, 95
225, 34, 69, 6, 8, 234, 44, 200, 116, 181, 123, 221
98, 131, 4, 167, 168, 12, 205, 146, 182, 215, 68, 191
193, 130, 11, 37, 74, 139, 48, 81, 22, 186, 219, 133
128, 66, 27, 184, 78, 56, 131, 52, 213, 24, 88, 187
97, 227, 69, 38, 129, 238, 47, 113, 83, 142, 125, 35
97, 43, 196, 229, 230, 136, 105, 235, 206, 179, 212, 27
3, 4, 229, 8, 23, 140, 14, 179, 87, 216, 121, 154
160, 65, 195, 70, 73, 177, 116, 213, 54, 153, 155, 85
96, 64, 166, 231, 45, 14, 13, 238, 154, 91, 93, 63
224, 6, 71, 200, 41, 235, 211, 158, 57, 217, 94, 21
100, 54, 230, 199, 8, 39, 174, 181, 214, 89, 30, 231
1, 156, 15, 16, 49, 82, 85, 215, 218, 219, 220, 90
161, 166, 74, 236, 173, 46, 48, 179, 14, 86, 30, 85
96, 226, 141, 46, 15, 208, 177, 210, 84, 86, 154, 92
65, 2, 35, 28, 14, 210, 53, 183, 88, 124, 29, 159
96, 33, 36, 134, 193, 12, 17, 179, 228, 123, 92, 222
224, 32, 233, 74, 43, 13, 14, 112, 118, 41, 218, 59
176, 4, 197, 1, 136, 205, 15, 144, 85, 55, 28, 37
129, 227, 102, 75, 239, 178, 174, 173, 18, 181, 86, 207
65, 130, 155, 132, 1, 168, 235, 19, 86, 36, 31, 159
225, 3, 197, 137, 41, 203, 47, 178, 148, 181, 87, 29
65, 3, 196, 197, 166, 108, 114, 83, 148, 23, 217, 20
2, 99, 196, 22, 41, 42, 239, 50, 53, 214, 89, 63
83, 196, 71, 40, 44, 76, 113, 51, 84, 181, 108, 132
33, 34, 203, 70, 230, 97, 139, 172, 111, 51, 124, 62
129, 195, 5, 233, 42, 107, 208, 49, 171, 24, 58, 27
165, 9, 139, 108, 110, 145, 117, 57, 122, 223, 159, 95
133, 226, 165, 236, 202, 44, 207, 74, 55, 20, 157, 95
181, 199, 72, 140, 236, 15, 44, 16, 84, 85, 91, 127
164, 199, 74, 135, 109, 55, 89, 122, 59, 125, 190, 127
160, 128, 68, 118, 204, 106, 140, 237, 213, 214, 154, 219
225, 98, 227, 165, 39, 75, 2, 167, 217, 58, 93, 229
97, 162, 135, 75, 111, 94, 57, 152, 153, 119, 185, 159
0, 195, 196, 23, 238, 143, 209, 19, 119, 88, 122, 94
97, 226, 101, 165, 167, 170, 34, 157, 147, 175, 29, 95
129, 133, 70, 142, 200, 108, 78, 148, 53, 184, 90, 28
0, 161, 193, 136, 105, 205, 211, 215, 216, 220, 61, 222
2, 4, 150, 104, 76, 205, 239, 48, 182, 220, 126, 133
96, 224, 179, 102, 135, 225, 109, 93, 113, 115, 91, 61
3, 112, 194, 67, 36, 39, 42, 208, 227, 149, 119, 218
134, 31, 107, 44, 238, 79, 50, 46, 150, 123, 124, 21
99, 6, 209, 9, 49, 18, 211, 212, 25, 121, 126, 95
32, 64, 67, 228, 118, 135, 11, 45, 14, 79, 54, 61
198, 176, 227, 5, 102, 199, 40, 12, 48, 116, 86, 133
65, 196, 199, 13, 46, 48, 83, 84, 118, 148, 61, 62
1, 66, 203, 230, 71, 201, 106, 11, 15, 50, 20, 126
2, 36, 104, 108, 162, 145, 115, 149, 183, 88, 120, 223
227, 198, 104, 44, 79, 113, 21, 186, 26, 91, 221, 30
40, 233, 10, 75, 172, 13, 111, 211, 180, 119, 58, 154
113, 232, 169, 170, 43, 168, 180, 85, 152, 63, 10, 191
18, 164, 134, 6, 167, 168, 73, 109, 210, 5, 125, 101
128, 194, 68, 230, 70, 232, 139, 120, 121, 218, 124, 190
96, 68, 6, 204, 142, 175, 176, 54, 119, 157, 190, 191
32, 1, 147, 38, 237, 13, 115, 117, 182, 88, 121, 156
192, 2, 35, 39, 105, 202, 139, 66, 19, 120, 89, 138
144, 83, 131, 101, 71, 201, 13, 174, 111, 112, 51, 213
192, 33, 35, 32, 167, 138, 171, 45, 115, 117, 90, 62
130, 99, 36, 5, 199, 74, 109, 15, 177, 79, 123, 101
227, 164, 72, 45, 15, 49, 148, 85, 24, 183, 184, 52
0, 225, 66, 99, 40, 13, 216, 22, 152, 121, 59, 125
51, 34, 165, 104, 234, 174, 208, 83, 116, 59, 10, 126
160, 172, 110, 207, 81, 51, 20, 78, 118, 56, 186, 223
34, 101, 38, 42, 239, 102, 180, 54, 63, 188, 37, 69
160, 161, 67, 68, 197, 12, 142, 20, 238, 218, 221, 223
195, 228, 231, 40, 188, 237, 49, 116, 183, 212, 156, 29
64, 39, 72, 9, 142, 48, 232, 50, 211, 84, 152, 188
64, 130, 202, 77, 109, 177, 51, 150, 120, 154, 221, 222
128, 225, 98, 39, 169, 138, 177, 10, 88, 26, 28, 157
105, 70, 41, 114, 148, 222, 183, 216, 116, 122, 158, 69
224, 215, 12, 237, 110, 47, 81, 114, 206, 183, 153, 94
36, 69, 71, 168, 43, 237, 111, 178, 116, 89, 25, 156
0, 163, 198, 234, 76, 77, 143, 50, 210, 119, 186, 158
230, 158, 107, 78, 14, 144, 177, 149, 55, 27, 125, 126
0, 48, 136, 143, 112, 183, 184, 121, 26, 125, 158, 63
32, 33, 194, 67, 12, 112, 210, 147, 213, 56, 60, 61
80, 162, 135, 215, 226, 144, 49, 213, 183, 120, 29, 117
193, 102, 70, 210, 173, 239, 208, 82, 84, 89, 92, 125
64, 97, 163, 132, 100, 103, 77, 80, 87, 216, 185, 156
69, 167, 12, 45, 206, 79, 178, 147, 214, 185, 123, 30
160, 98, 100, 135, 236, 174, 239, 80, 181, 122, 29, 222
194, 100, 165, 41, 108, 205, 178, 94, 151, 25, 186, 190
162, 132, 211, 137, 138, 10, 19, 121, 122, 189, 126, 127
64, 130, 36, 113, 105, 76, 81, 178, 17, 152, 153, 62
192, 98, 198, 171, 141, 78, 114, 118, 152, 219, 124, 157
32, 235, 37, 6, 233, 11, 82, 115, 155, 157, 30, 211
112, 196, 198, 71, 233, 144, 212, 21, 22, 23, 20, 61
99, 102, 195, 231, 104, 172, 232, 163, 53, 54, 58, 123
128, 33, 135, 137, 141, 207, 50, 147, 88, 218, 58, 94
1, 34, 67, 166, 231, 107, 44, 45, 84, 152, 156, 94
33, 226, 106, 141, 77, 175, 17, 83, 174, 91, 60, 159
96, 98, 200, 75, 140, 2, 177, 146, 211, 217, 216, 89
187, 36, 136, 137, 48, 210, 180, 86, 151, 52, 26, 155
128, 226, 165, 73, 75, 209, 82, 105, 169, 184, 31, 223
