2880	20	10	10
2879	20	8	9
2878	20	8	8
2877	18	8	8
2876	17	8	8
2875	17	7	8
2874	16	7	8
2873	16	7	7
2872	15	7	7
2871	15	7	7
2870	15	7	7
2869	14	7	7
2868	14	7	7
2867	14	7	7
2866	14	7	7
2865	14	7	7
2864	14	7	7
2863	14	7	7
2862	13	7	7
2861	13	7	7
2860	13	6	7
2859	13	6	7
2858	13	6	7
2857	13	6	7
2856	13	6	6
2855	13	6	6
2854	13	6	6
2853	13	6	6
2852	13	6	6
2851	13	6	6
2850	13	6	6
2849	13	6	6
2848	13	6	6
2847	13	6	6
2846	12	6	6
2845	12	6	6
2844	12	6	6
2843	12	6	6
2842	12	6	6
2841	12	6	6
2840	12	6	6
2839	12	6	6
2838	12	6	6
2837	12	6	6
2836	12	6	6
2835	12	6	6
2834	12	6	6
2833	12	6	6
2832	12	6	6
2831	12	6	6
2830	12	6	6
2829	12	6	6
2828	12	6	6
2827	12	6	6
2826	11	6	6
2825	11	6	6
2824	11	6	6
2823	11	6	6
2822	11	6	6
2821	11	6	6
2820	11	6	6
2819	11	6	6
2818	11	6	6
2817	11	6	6
2816	11	6	6
2815	11	6	6
2814	11	6	6
2813	11	6	6
2812	11	5	6
2811	11	5	6
2810	11	5	6
2809	11	5	6
2808	11	5	6
2807	11	5	6
2806	11	5	5
2805	11	5	5
2804	11	5	5
2803	11	5	5
2802	10	5	5
2801	10	5	5
2800	10	5	5
2799	10	5	5
2798	10	5	5
2797	10	5	5
2796	10	5	5
2795	10	5	5
2794	10	5	5
2793	10	5	5
2792	10	5	5
2791	10	5	5
2790	10	5	5
2789	10	5	5
2788	10	5	5
2787	10	5	5
2786	10	5	5
2785	10	5	5
2784	10	5	5
2783	10	5	5
2782	10	5	5
2781	10	5	5
2780	10	5	5
2779	10	5	5
2778	10	5	5
2777	10	5	5
2776	10	5	5
2775	10	5	5
2774	10	5	5
2773	10	5	5
2772	10	5	5
2771	10	5	5
2770	10	5	5
2769	10	5	5
2768	10	5	5
2767	10	5	5
2766	10	5	5
2765	10	5	5
2764	10	5	5
2763	10	5	5
2762	10	5	5
2761	10	5	5
2760	10	5	5
2759	10	5	5
2758	9	5	5
2757	9	5	5
2756	9	5	5
2755	9	5	5
2754	9	5	5
2753	9	5	5
2752	9	5	5
2751	9	5	5
2750	9	5	5
2749	9	5	5
2748	9	5	5
2747	9	5	5
2746	9	5	5
2745	9	5	5
2744	9	5	5
2743	9	5	5
2742	9	5	5
2741	9	5	5
2740	9	5	5
2739	9	5	5
2738	9	5	5
2737	9	5	5
2736	9	5	5
2735	9	5	5
2734	9	5	5
2733	9	5	5
2732	9	5	5
2731	9	5	5
2730	9	5	5
2729	9	5	5
2728	9	5	5
2727	9	5	5
2726	9	5	5
2725	9	5	5
2724	9	5	5
2723	9	5	5
2722	9	5	5
2721	9	5	5
2720	9	5	5
2719	9	5	5
2718	9	5	5
2717	9	5	5
2716	9	5	5
2715	9	5	5
2714	9	5	5
2713	9	5	5
2712	9	5	5
2711	9	5	5
2710	9	5	5
2709	9	5	5
2708	9	5	5
2707	9	5	5
2706	9	5	5
2705	9	5	5
2704	9	5	5
2703	9	5	5
2702	9	5	5
2701	9	5	5
2700	9	5	5
2699	9	5	5
2698	9	5	5
2697	9	5	5
2696	9	5	5
2695	9	5	5
2694	9	5	5
2693	9	5	5
2692	9	5	5
2691	9	5	5
2690	9	5	5
2689	9	5	5
2688	9	5	5
2687	9	5	5
2686	9	5	5
2685	9	5	5
2684	9	5	5
2683	9	4	5
2682	9	4	5
2681	9	4	5
2680	9	4	5
2679	9	4	5
2678	9	4	5
2677	9	4	5
2676	9	4	5
2675	9	4	5
2674	9	4	5
2673	9	4	5
2672	9	4	5
2671	9	4	5
2670	8	4	5
2669	8	4	5
2668	8	4	5
2667	8	4	5
2666	8	4	5
2665	8	4	5
2664	8	4	5
2663	8	4	5
2662	8	4	5
2661	8	4	5
2660	8	4	5
2659	8	4	5
2658	8	4	5
2657	8	4	4
2656	8	4	4
2655	8	4	4
2654	8	4	4
2653	8	4	4
2652	8	4	4
2651	8	4	4
2650	8	4	4
2649	8	4	4
2648	8	4	4
2647	8	4	4
2646	8	4	4
2645	8	4	4
2644	8	4	4
2643	8	4	4
2642	8	4	4
2641	8	4	4
2640	8	4	4
2639	8	4	4
2638	8	4	4
2637	8	4	4
2636	8	4	4
2635	8	4	4
2634	8	4	4
2633	8	4	4
2632	8	4	4
2631	8	4	4
2630	8	4	4
2629	8	4	4
2628	8	4	4
2627	8	4	4
2626	8	4	4
2625	8	4	4
2624	8	4	4
2623	8	4	4
2622	8	4	4
2621	8	4	4
2620	8	4	4
2619	8	4	4
2618	8	4	4
2617	8	4	4
2616	8	4	4
2615	8	4	4
2614	8	4	4
2613	8	4	4
2612	8	4	4
2611	8	4	4
2610	8	4	4
2609	8	4	4
2608	8	4	4
2607	8	4	4
2606	8	4	4
2605	8	4	4
2604	8	4	4
2603	8	4	4
2602	8	4	4
2601	8	4	4
2600	8	4	4
2599	8	4	4
2598	8	4	4
2597	8	4	4
2596	8	4	4
2595	8	4	4
2594	8	4	4
2593	8	4	4
2592	8	4	4
2591	8	4	4
2590	8	4	4
2589	8	4	4
2588	8	4	4
2587	8	4	4
2586	8	4	4
2585	8	4	4
2584	8	4	4
2583	8	4	4
2582	8	4	4
2581	8	4	4
2580	8	4	4
2579	8	4	4
2578	8	4	4
2577	8	4	4
2576	8	4	4
2575	8	4	4
2574	8	4	4
2573	8	4	4
2572	8	4	4
2571	8	4	4
2570	8	4	4
2569	8	4	4
2568	8	4	4
2567	8	4	4
2566	8	4	4
2565	8	4	4
2564	8	4	4
2563	8	4	4
2562	8	4	4
2561	8	4	4
2560	8	4	4
2559	8	4	4
2558	8	4	4
2557	8	4	4
2556	8	4	4
2555	8	4	4
2554	8	4	4
2553	8	4	4
2552	8	4	4
2551	8	4	4
2550	8	4	4
2549	8	4	4
2548	8	4	4
2547	8	4	4
2546	8	4	4
2545	8	4	4
2544	8	4	4
2543	8	4	4
2542	8	4	4
2541	8	4	4
2540	8	4	4
2539	8	4	4
2538	8	4	4
2537	8	4	4
2536	8	4	4
2535	8	4	4
2534	8	4	4
2533	8	4	4
2532	8	4	4
2531	8	4	4
2530	8	4	4
2529	8	4	4
2528	8	4	4
2527	8	4	4
2526	8	4	4
2525	8	4	4
2524	7	4	4
2523	7	4	4
2522	7	4	4
2521	7	4	4
2520	7	4	4
2519	7	4	4
2518	7	4	4
2517	7	4	4
2516	7	4	4
2515	7	4	4
2514	7	4	4
2513	7	4	4
2512	7	4	4
2511	7	4	4
2510	7	4	4
2509	7	4	4
2508	7	4	4
2507	7	4	4
2506	7	4	4
2505	7	4	4
2504	7	4	4
2503	7	4	4
2502	7	4	4
2501	7	4	4
2500	7	4	4
2499	7	4	4
2498	7	4	4
2497	7	4	4
2496	7	4	4
2495	7	4	4
2494	7	4	4
2493	7	4	4
2492	7	4	4
2491	7	4	4
2490	7	4	4
2489	7	4	4
2488	7	4	4
2487	7	4	4
2486	7	4	4
2485	7	4	4
2484	7	4	4
2483	7	4	4
2482	7	4	4
2481	7	4	4
2480	7	4	4
2479	7	4	4
2478	7	4	4
2477	7	4	4
2476	7	4	4
2475	7	4	4
2474	7	4	4
2473	7	4	4
2472	7	4	4
2471	7	4	4
2470	7	4	4
2469	7	4	4
2468	7	4	4
2467	7	4	4
2466	7	4	4
2465	7	4	4
2464	7	4	4
2463	7	4	4
2462	7	4	4
2461	7	4	4
2460	7	4	4
2459	7	4	4
2458	7	4	4
2457	7	4	4
2456	7	4	4
2455	7	4	4
2454	7	4	4
2453	7	4	4
2452	7	4	4
2451	7	4	4
2450	7	4	4
2449	7	4	4
2448	7	4	4
2447	7	4	4
2446	7	4	4
2445	7	4	4
2444	7	4	4
2443	7	4	4
2442	7	4	4
2441	7	4	4
2440	7	4	4
2439	7	4	4
2438	7	4	4
2437	7	4	4
2436	7	4	4
2435	7	4	4
2434	7	4	4
2433	7	4	4
2432	7	4	4
2431	7	4	4
2430	7	4	4
2429	7	4	4
2428	7	4	4
2427	7	4	4
2426	7	4	4
2425	7	4	4
2424	7	4	4
2423	7	4	4
2422	7	4	4
2421	7	4	4
2420	7	4	4
2419	7	4	4
2418	7	4	4
2417	7	4	4
2416	7	4	4
2415	7	4	4
2414	7	4	4
2413	7	4	4
2412	7	4	4
2411	7	4	4
2410	7	4	4
2409	7	4	4
2408	7	4	4
2407	7	4	4
2406	7	4	4
2405	7	4	4
2404	7	4	4
2403	7	4	4
2402	7	4	4
2401	7	4	4
2400	7	4	4
2399	7	4	4
2398	7	4	4
2397	7	4	4
2396	7	4	4
2395	7	4	4
2394	7	4	4
2393	7	4	4
2392	7	4	4
2391	7	4	4
2390	7	4	4
2389	7	4	4
2388	7	4	4
2387	7	4	4
2386	7	4	4
2385	7	4	4
2384	7	4	4
2383	7	4	4
2382	7	4	4
2381	7	4	4
2380	7	4	4
2379	7	4	4
2378	7	4	4
2377	7	4	4
2376	7	4	4
2375	7	4	4
2374	7	4	4
2373	7	4	4
2372	7	4	4
2371	7	4	4
2370	7	4	4
2369	7	4	4
2368	7	4	4
2367	7	4	4
2366	7	4	4
2365	7	4	4
2364	7	4	4
2363	7	4	4
2362	7	4	4
2361	7	4	4
2360	7	4	4
2359	7	4	4
2358	7	4	4
2357	7	4	4
2356	7	4	4
2355	7	4	4
2354	7	4	4
2353	7	3	4
2352	7	3	4
2351	7	3	4
2350	7	3	4
2349	7	3	4
2348	7	3	4
2347	7	3	4
2346	7	3	4
2345	7	3	4
2344	7	3	4
2343	7	3	4
2342	7	3	4
2341	7	3	4
2340	7	3	4
2339	7	3	4
2338	7	3	4
2337	7	3	4
2336	7	3	4
2335	7	3	4
2334	7	3	4
2333	7	3	4
2332	7	3	4
2331	7	3	4
2330	7	3	4
2329	7	3	4
2328	7	3	4
2327	7	3	4
2326	7	3	4
2325	7	3	4
2324	7	3	4
2323	7	3	4
2322	7	3	4
2321	7	3	4
2320	7	3	4
2319	7	3	4
2318	7	3	4
2317	7	3	4
2316	7	3	4
2315	7	3	4
2314	7	3	4
2313	7	3	4
2312	7	3	4
2311	7	3	4
2310	7	3	4
2309	7	3	4
2308	7	3	4
2307	7	3	4
2306	7	3	4
2305	7	3	4
2304	7	3	4
2303	7	3	3
2302	7	3	3
2301	7	3	3
2300	7	3	3
2299	7	3	3
2298	7	3	3
2297	7	3	3
2296	7	3	3
2295	7	3	3
2294	7	3	3
2293	7	3	3
2292	7	3	3
2291	7	3	3
2290	7	3	3
2289	7	3	3
2288	7	3	3
2287	7	3	3
2286	7	3	3
2285	7	3	3
2284	7	3	3
2283	7	3	3
2282	7	3	3
2281	7	3	3
2280	7	3	3
2279	7	3	3
2278	7	3	3
2277	7	3	3
2276	7	3	3
2275	7	3	3
2274	7	3	3
2273	7	3	3
2272	7	3	3
2271	7	3	3
2270	7	3	3
2269	7	3	3
2268	7	3	3
2267	7	3	3
2266	6	3	3
2265	6	3	3
2264	6	3	3
2263	6	3	3
2262	6	3	3
2261	6	3	3
2260	6	3	3
2259	6	3	3
2258	6	3	3
2257	6	3	3
2256	6	3	3
2255	6	3	3
2254	6	3	3
2253	6	3	3
2252	6	3	3
2251	6	3	3
2250	6	3	3
2249	6	3	3
2248	6	3	3
2247	6	3	3
2246	6	3	3
2245	6	3	3
2244	6	3	3
2243	6	3	3
2242	6	3	3
2241	6	3	3
2240	6	3	3
2239	6	3	3
2238	6	3	3
2237	6	3	3
2236	6	3	3
2235	6	3	3
2234	6	3	3
2233	6	3	3
2232	6	3	3
2231	6	3	3
2230	6	3	3
2229	6	3	3
2228	6	3	3
2227	6	3	3
2226	6	3	3
2225	6	3	3
2224	6	3	3
2223	6	3	3
2222	6	3	3
2221	6	3	3
2220	6	3	3
2219	6	3	3
2218	6	3	3
2217	6	3	3
2216	6	3	3
2215	6	3	3
2214	6	3	3
2213	6	3	3
2212	6	3	3
2211	6	3	3
2210	6	3	3
2209	6	3	3
2208	6	3	3
2207	6	3	3
2206	6	3	3
2205	6	3	3
2204	6	3	3
2203	6	3	3
2202	6	3	3
2201	6	3	3
2200	6	3	3
2199	6	3	3
2198	6	3	3
2197	6	3	3
2196	6	3	3
2195	6	3	3
2194	6	3	3
2193	6	3	3
2192	6	3	3
2191	6	3	3
2190	6	3	3
2189	6	3	3
2188	6	3	3
2187	6	3	3
2186	6	3	3
2185	6	3	3
2184	6	3	3
2183	6	3	3
2182	6	3	3
2181	6	3	3
2180	6	3	3
2179	6	3	3
2178	6	3	3
2177	6	3	3
2176	6	3	3
2175	6	3	3
2174	6	3	3
2173	6	3	3
2172	6	3	3
2171	6	3	3
2170	6	3	3
2169	6	3	3
2168	6	3	3
2167	6	3	3
2166	6	3	3
2165	6	3	3
2164	6	3	3
2163	6	3	3
2162	6	3	3
2161	6	3	3
2160	6	3	3
2159	6	3	3
2158	6	3	3
2157	6	3	3
2156	6	3	3
2155	6	3	3
2154	6	3	3
2153	6	3	3
2152	6	3	3
2151	6	3	3
2150	6	3	3
2149	6	3	3
2148	6	3	3
2147	6	3	3
2146	6	3	3
2145	6	3	3
2144	6	3	3
2143	6	3	3
2142	6	3	3
2141	6	3	3
2140	6	3	3
2139	6	3	3
2138	6	3	3
2137	6	3	3
2136	6	3	3
2135	6	3	3
2134	6	3	3
2133	6	3	3
2132	6	3	3
2131	6	3	3
2130	6	3	3
2129	6	3	3
2128	6	3	3
2127	6	3	3
2126	6	3	3
2125	6	3	3
2124	6	3	3
2123	6	3	3
2122	6	3	3
2121	6	3	3
2120	6	3	3
2119	6	3	3
2118	6	3	3
2117	6	3	3
2116	6	3	3
2115	6	3	3
2114	6	3	3
2113	6	3	3
2112	6	3	3
2111	6	3	3
2110	6	3	3
2109	6	3	3
2108	6	3	3
2107	6	3	3
2106	6	3	3
2105	6	3	3
2104	6	3	3
2103	6	3	3
2102	6	3	3
2101	6	3	3
2100	6	3	3
2099	6	3	3
2098	6	3	3
2097	6	3	3
2096	6	3	3
2095	6	3	3
2094	6	3	3
2093	6	3	3
2092	6	3	3
2091	6	3	3
2090	6	3	3
2089	6	3	3
2088	6	3	3
2087	6	3	3
2086	6	3	3
2085	6	3	3
2084	6	3	3
2083	6	3	3
2082	6	3	3
2081	6	3	3
2080	6	3	3
2079	6	3	3
2078	6	3	3
2077	6	3	3
2076	6	3	3
2075	6	3	3
2074	6	3	3
2073	6	3	3
2072	6	3	3
2071	6	3	3
2070	6	3	3
2069	6	3	3
2068	6	3	3
2067	6	3	3
2066	6	3	3
2065	6	3	3
2064	6	3	3
2063	6	3	3
2062	6	3	3
2061	6	3	3
2060	6	3	3
2059	6	3	3
2058	6	3	3
2057	6	3	3
2056	6	3	3
2055	6	3	3
2054	6	3	3
2053	6	3	3
2052	6	3	3
2051	6	3	3
2050	6	3	3
2049	6	3	3
2048	6	3	3
2047	6	3	3
2046	6	3	3
2045	6	3	3
2044	6	3	3
2043	6	3	3
2042	6	3	3
2041	6	3	3
2040	6	3	3
2039	6	3	3
2038	6	3	3
2037	6	3	3
2036	6	3	3
2035	6	3	3
2034	6	3	3
2033	6	3	3
2032	6	3	3
2031	6	3	3
2030	6	3	3
2029	6	3	3
2028	6	3	3
2027	6	3	3
2026	6	3	3
2025	6	3	3
2024	6	3	3
2023	6	3	3
2022	6	3	3
2021	6	3	3
2020	6	3	3
2019	6	3	3
2018	6	3	3
2017	6	3	3
2016	6	3	3
2015	6	3	3
2014	6	3	3
2013	6	3	3
2012	6	3	3
2011	6	3	3
2010	6	3	3
2009	6	3	3
2008	6	3	3
2007	6	3	3
2006	6	3	3
2005	6	3	3
2004	6	3	3
2003	6	3	3
2002	6	3	3
2001	6	3	3
2000	6	3	3
1999	6	3	3
1998	6	3	3
1997	6	3	3
1996	6	3	3
1995	6	3	3
1994	6	3	3
1993	6	3	3
1992	6	3	3
1991	6	3	3
1990	6	3	3
1989	6	3	3
1988	6	3	3
1987	6	3	3
1986	6	3	3
1985	6	3	3
1984	6	3	3
1983	6	3	3
1982	6	3	3
1981	6	3	3
1980	6	3	3
1979	6	3	3
1978	6	3	3
1977	6	3	3
1976	6	3	3
1975	6	3	3
1974	6	3	3
1973	6	3	3
1972	6	3	3
1971	6	3	3
1970	6	3	3
1969	6	3	3
1968	6	3	3
1967	6	3	3
1966	6	3	3
1965	6	3	3
1964	6	3	3
1963	6	3	3
1962	6	3	3
1961	6	3	3
1960	6	3	3
1959	6	3	3
1958	6	3	3
1957	6	3	3
1956	6	3	3
1955	6	3	3
1954	6	3	3
1953	6	3	3
1952	6	3	3
1951	6	3	3
1950	6	3	3
1949	6	3	3
1948	6	3	3
1947	6	3	3
1946	6	3	3
1945	6	3	3
1944	6	3	3
1943	6	3	3
1942	6	3	3
1941	6	3	3
1940	6	3	3
1939	6	3	3
1938	6	3	3
1937	6	3	3
1936	6	3	3
1935	6	3	3
1934	6	3	3
1933	6	3	3
1932	6	3	3
1931	6	3	3
1930	6	3	3
1929	6	3	3
1928	6	3	3
1927	6	3	3
1926	6	3	3
1925	6	3	3
1924	6	3	3
1923	6	3	3
1922	6	3	3
1921	6	3	3
1920	6	3	3
1919	6	3	3
1918	6	3	3
1917	6	3	3
1916	6	3	3
1915	6	3	3
1914	6	3	3
1913	6	3	3
1912	6	3	3
1911	6	3	3
1910	6	3	3
1909	6	3	3
1908	6	3	3
1907	6	3	3
1906	6	3	3
1905	6	3	3
1904	6	3	3
1903	6	3	3
1902	6	3	3
1901	6	3	3
1900	6	3	3
1899	6	3	3
1898	6	3	3
1897	6	3	3
1896	6	3	3
1895	6	3	3
1894	6	3	3
1893	6	3	3
1892	6	3	3
1891	6	3	3
1890	6	3	3
1889	6	3	3
1888	6	3	3
1887	6	3	3
1886	5	3	3
1885	5	3	3
1884	5	3	3
1883	5	3	3
1882	5	3	3
1881	5	3	3
1880	5	3	3
1879	5	3	3
1878	5	3	3
1877	5	3	3
1876	5	3	3
1875	5	3	3
1874	5	3	3
1873	5	3	3
1872	5	3	3
1871	5	3	3
1870	5	3	3
1869	5	3	3
1868	5	3	3
1867	5	3	3
1866	5	3	3
1865	5	3	3
1864	5	3	3
1863	5	3	3
1862	5	3	3
1861	5	3	3
1860	5	3	3
1859	5	3	3
1858	5	3	3
1857	5	3	3
1856	5	3	3
1855	5	3	3
1854	5	3	3
1853	5	3	3
1852	5	3	3
1851	5	3	3
1850	5	3	3
1849	5	3	3
1848	5	3	3
1847	5	3	3
1846	5	3	3
1845	5	3	3
1844	5	3	3
1843	5	3	3
1842	5	3	3
1841	5	3	3
1840	5	3	3
1839	5	3	3
1838	5	3	3
1837	5	3	3
1836	5	3	3
1835	5	3	3
1834	5	3	3
1833	5	3	3
1832	5	3	3
1831	5	3	3
1830	5	3	3
1829	5	3	3
1828	5	3	3
1827	5	3	3
1826	5	3	3
1825	5	3	3
1824	5	3	3
1823	5	3	3
1822	5	3	3
1821	5	3	3
1820	5	3	3
1819	5	3	3
1818	5	3	3
1817	5	3	3
1816	5	3	3
1815	5	3	3
1814	5	3	3
1813	5	3	3
1812	5	3	3
1811	5	3	3
1810	5	3	3
1809	5	3	3
1808	5	3	3
1807	5	3	3
1806	5	3	3
1805	5	3	3
1804	5	3	3
1803	5	3	3
1802	5	3	3
1801	5	3	3
1800	5	3	3
1799	5	3	3
1798	5	3	3
1797	5	3	3
1796	5	3	3
1795	5	3	3
1794	5	3	3
1793	5	3	3
1792	5	3	3
1791	5	3	3
1790	5	3	3
1789	5	3	3
1788	5	3	3
1787	5	3	3
1786	5	3	3
1785	5	3	3
1784	5	3	3
1783	5	3	3
1782	5	3	3
1781	5	3	3
1780	5	3	3
1779	5	3	3
1778	5	3	3
1777	5	3	3
1776	5	3	3
1775	5	3	3
1774	5	3	3
1773	5	3	3
1772	5	3	3
1771	5	3	3
1770	5	3	3
1769	5	3	3
1768	5	3	3
1767	5	3	3
1766	5	3	3
1765	5	3	3
1764	5	3	3
1763	5	3	3
1762	5	3	3
1761	5	3	3
1760	5	3	3
1759	5	3	3
1758	5	3	3
1757	5	3	3
1756	5	3	3
1755	5	3	3
1754	5	3	3
1753	5	3	3
1752	5	3	3
1751	5	3	3
1750	5	3	3
1749	5	3	3
1748	5	3	3
1747	5	3	3
1746	5	3	3
1745	5	3	3
1744	5	2	3
1743	5	2	3
1742	5	2	3
1741	5	2	3
1740	5	2	3
1739	5	2	3
1738	5	2	3
1737	5	2	3
1736	5	2	3
1735	5	2	3
1734	5	2	3
1733	5	2	3
1732	5	2	3
1731	5	2	3
1730	5	2	3
1729	5	2	3
1728	5	2	3
1727	5	2	3
1726	5	2	3
1725	5	2	3
1724	5	2	3
1723	5	2	3
1722	5	2	3
1721	5	2	3
1720	5	2	3
1719	5	2	3
1718	5	2	3
1717	5	2	3
1716	5	2	3
1715	5	2	3
1714	5	2	3
1713	5	2	3
1712	5	2	3
1711	5	2	3
1710	5	2	3
1709	5	2	3
1708	5	2	3
1707	5	2	3
1706	5	2	3
1705	5	2	3
1704	5	2	3
1703	5	2	3
1702	5	2	3
1701	5	2	3
1700	5	2	3
1699	5	2	3
1698	5	2	3
1697	5	2	3
1696	5	2	3
1695	5	2	3
1694	5	2	3
1693	5	2	3
1692	5	2	3
1691	5	2	3
1690	5	2	3
1689	5	2	3
1688	5	2	3
1687	5	2	3
1686	5	2	3
1685	5	2	3
1684	5	2	3
1683	5	2	3
1682	5	2	3
1681	5	2	3
1680	5	2	3
1679	5	2	3
1678	5	2	3
1677	5	2	3
1676	5	2	3
1675	5	2	3
1674	5	2	2
1673	5	2	2
1672	5	2	2
1671	5	2	2
1670	5	2	2
1669	5	2	2
1668	5	2	2
1667	5	2	2
1666	5	2	2
1665	5	2	2
1664	5	2	2
1663	5	2	2
1662	5	2	2
1661	5	2	2
1660	5	2	2
1659	5	2	2
1658	5	2	2
1657	5	2	2
1656	5	2	2
1655	5	2	2
1654	5	2	2
1653	5	2	2
1652	5	2	2
1651	5	2	2
1650	5	2	2
1649	5	2	2
1648	5	2	2
1647	5	2	2
1646	5	2	2
1645	5	2	2
1644	5	2	2
1643	5	2	2
1642	5	2	2
1641	5	2	2
1640	5	2	2
1639	5	2	2
1638	5	2	2
1637	5	2	2
1636	5	2	2
1635	5	2	2
1634	5	2	2
1633	5	2	2
1632	5	2	2
1631	5	2	2
1630	5	2	2
1629	5	2	2
1628	5	2	2
1627	5	2	2
1626	5	2	2
1625	5	2	2
1624	5	2	2
1623	5	2	2
1622	5	2	2
1621	5	2	2
1620	5	2	2
1619	5	2	2
1618	5	2	2
1617	5	2	2
1616	5	2	2
1615	5	2	2
1614	5	2	2
1613	5	2	2
1612	5	2	2
1611	5	2	2
1610	5	2	2
1609	5	2	2
1608	5	2	2
1607	5	2	2
1606	5	2	2
1605	5	2	2
1604	5	2	2
1603	5	2	2
1602	5	2	2
1601	5	2	2
1600	5	2	2
1599	5	2	2
1598	5	2	2
1597	5	2	2
1596	5	2	2
1595	5	2	2
1594	5	2	2
1593	5	2	2
1592	5	2	2
1591	5	2	2
1590	5	2	2
1589	5	2	2
1588	5	2	2
1587	5	2	2
1586	5	2	2
1585	5	2	2
1584	5	2	2
1583	5	2	2
1582	5	2	2
1581	5	2	2
1580	5	2	2
1579	5	2	2
1578	5	2	2
1577	5	2	2
1576	5	2	2
1575	5	2	2
1574	5	2	2
1573	5	2	2
1572	5	2	2
1571	5	2	2
1570	5	2	2
1569	5	2	2
1568	5	2	2
1567	5	2	2
1566	5	2	2
1565	5	2	2
1564	5	2	2
1563	5	2	2
1562	5	2	2
1561	5	2	2
1560	5	2	2
1559	5	2	2
1558	5	2	2
1557	5	2	2
1556	5	2	2
1555	5	2	2
1554	5	2	2
1553	5	2	2
1552	5	2	2
1551	5	2	2
1550	5	2	2
1549	5	2	2
1548	5	2	2
1547	5	2	2
1546	5	2	2
1545	5	2	2
1544	5	2	2
1543	5	2	2
1542	5	2	2
1541	5	2	2
1540	5	2	2
1539	5	2	2
1538	5	2	2
1537	5	2	2
1536	5	2	2
1535	5	2	2
1534	5	2	2
1533	5	2	2
1532	5	2	2
1531	5	2	2
1530	5	2	2
1529	5	2	2
1528	5	2	2
1527	5	2	2
1526	5	2	2
1525	5	2	2
1524	5	2	2
1523	5	2	2
1522	5	2	2
1521	5	2	2
1520	5	2	2
1519	5	2	2
1518	5	2	2
1517	5	2	2
1516	5	2	2
1515	5	2	2
1514	5	2	2
1513	5	2	2
1512	5	2	2
1511	5	2	2
1510	5	2	2
1509	5	2	2
1508	5	2	2
1507	5	2	2
1506	5	2	2
1505	5	2	2
1504	5	2	2
1503	5	2	2
1502	5	2	2
1501	5	2	2
1500	5	2	2
1499	5	2	2
1498	5	2	2
1497	5	2	2
1496	5	2	2
1495	5	2	2
1494	5	2	2
1493	5	2	2
1492	5	2	2
1491	5	2	2
1490	5	2	2
1489	5	2	2
1488	5	2	2
1487	5	2	2
1486	5	2	2
1485	5	2	2
1484	5	2	2
1483	5	2	2
1482	5	2	2
1481	5	2	2
1480	5	2	2
1479	5	2	2
1478	5	2	2
1477	5	2	2
1476	5	2	2
1475	5	2	2
1474	5	2	2
1473	5	2	2
1472	5	2	2
1471	5	2	2
1470	5	2	2
1469	5	2	2
1468	5	2	2
1467	5	2	2
1466	5	2	2
1465	5	2	2
1464	5	2	2
1463	5	2	2
1462	5	2	2
1461	5	2	2
1460	5	2	2
1459	5	2	2
1458	5	2	2
1457	5	2	2
1456	5	2	2
1455	5	2	2
1454	5	2	2
1453	5	2	2
1452	5	2	2
1451	5	2	2
1450	5	2	2
1449	5	2	2
1448	5	2	2
1447	5	2	2
1446	5	2	2
1445	5	2	2
1444	5	2	2
1443	5	2	2
1442	5	2	2
1441	5	2	2
1440	5	2	2
1439	5	2	2
1438	5	2	2
1437	5	2	2
1436	5	2	2
1435	5	2	2
1434	5	2	2
1433	5	2	2
1432	5	2	2
1431	5	2	2
1430	5	2	2
1429	5	2	2
1428	5	2	2
1427	5	2	2
1426	5	2	2
1425	5	2	2
1424	5	2	2
1423	5	2	2
1422	5	2	2
1421	5	2	2
1420	5	2	2
1419	5	2	2
1418	5	2	2
1417	5	2	2
1416	5	2	2
1415	5	2	2
1414	5	2	2
1413	5	2	2
1412	5	2	2
1411	5	2	2
1410	5	2	2
1409	5	2	2
1408	5	2	2
1407	5	2	2
1406	5	2	2
1405	5	2	2
1404	5	2	2
1403	5	2	2
1402	5	2	2
1401	5	2	2
1400	5	2	2
1399	5	2	2
1398	5	2	2
1397	5	2	2
1396	5	2	2
1395	5	2	2
1394	5	2	2
1393	5	2	2
1392	5	2	2
1391	5	2	2
1390	5	2	2
1389	5	2	2
1388	5	2	2
1387	5	2	2
1386	5	2	2
1385	4	2	2
1384	4	2	2
1383	4	2	2
1382	4	2	2
1381	4	2	2
1380	4	2	2
1379	4	2	2
1378	4	2	2
1377	4	2	2
1376	4	2	2
1375	4	2	2
1374	4	2	2
1373	4	2	2
1372	4	2	2
1371	4	2	2
1370	4	2	2
1369	4	2	2
1368	4	2	2
1367	4	2	2
1366	4	2	2
1365	4	2	2
1364	4	2	2
1363	4	2	2
1362	4	2	2
1361	4	2	2
1360	4	2	2
1359	4	2	2
1358	4	2	2
1357	4	2	2
1356	4	2	2
1355	4	2	2
1354	4	2	2
1353	4	2	2
1352	4	2	2
1351	4	2	2
1350	4	2	2
1349	4	2	2
1348	4	2	2
1347	4	2	2
1346	4	2	2
1345	4	2	2
1344	4	2	2
1343	4	2	2
1342	4	2	2
1341	4	2	2
1340	4	2	2
1339	4	2	2
1338	4	2	2
1337	4	2	2
1336	4	2	2
1335	4	2	2
1334	4	2	2
1333	4	2	2
1332	4	2	2
1331	4	2	2
1330	4	2	2
1329	4	2	2
1328	4	2	2
1327	4	2	2
1326	4	2	2
1325	4	2	2
1324	4	2	2
1323	4	2	2
1322	4	2	2
1321	4	2	2
1320	4	2	2
1319	4	2	2
1318	4	2	2
1317	4	2	2
1316	4	2	2
1315	4	2	2
1314	4	2	2
1313	4	2	2
1312	4	2	2
1311	4	2	2
1310	4	2	2
1309	4	2	2
1308	4	2	2
1307	4	2	2
1306	4	2	2
1305	4	2	2
1304	4	2	2
1303	4	2	2
1302	4	2	2
1301	4	2	2
1300	4	2	2
1299	4	2	2
1298	4	2	2
1297	4	2	2
1296	4	2	2
1295	4	2	2
1294	4	2	2
1293	4	2	2
1292	4	2	2
1291	4	2	2
1290	4	2	2
1289	4	2	2
1288	4	2	2
1287	4	2	2
1286	4	2	2
1285	4	2	2
1284	4	2	2
1283	4	2	2
1282	4	2	2
1281	4	2	2
1280	4	2	2
1279	4	2	2
1278	4	2	2
1277	4	2	2
1276	4	2	2
1275	4	2	2
1274	4	2	2
1273	4	2	2
1272	4	2	2
1271	4	2	2
1270	4	2	2
1269	4	2	2
1268	4	2	2
1267	4	2	2
1266	4	2	2
1265	4	2	2
1264	4	2	2
1263	4	2	2
1262	4	2	2
1261	4	2	2
1260	4	2	2
1259	4	2	2
1258	4	2	2
1257	4	2	2
1256	4	2	2
1255	4	2	2
1254	4	2	2
1253	4	2	2
1252	4	2	2
1251	4	2	2
1250	4	2	2
1249	4	2	2
1248	4	2	2
1247	4	2	2
1246	4	2	2
1245	4	2	2
1244	4	2	2
1243	4	2	2
1242	4	2	2
1241	4	2	2
1240	4	2	2
1239	4	2	2
1238	4	2	2
1237	4	2	2
1236	4	2	2
1235	4	2	2
1234	4	2	2
1233	4	2	2
1232	4	2	2
1231	4	2	2
1230	4	2	2
1229	4	2	2
1228	4	2	2
1227	4	2	2
1226	4	2	2
1225	4	2	2
1224	4	2	2
1223	4	2	2
1222	4	2	2
1221	4	2	2
1220	4	2	2
1219	4	2	2
1218	4	2	2
1217	4	2	2
1216	4	2	2
1215	4	2	2
1214	4	2	2
1213	4	2	2
1212	4	2	2
1211	4	2	2
1210	4	2	2
1209	4	2	2
1208	4	2	2
1207	4	2	2
1206	4	2	2
1205	4	2	2
1204	4	2	2
1203	4	2	2
1202	4	2	2
1201	4	2	2
1200	4	2	2
1199	4	2	2
1198	4	2	2
1197	4	2	2
1196	4	2	2
1195	4	2	2
1194	4	2	2
1193	4	2	2
1192	4	2	2
1191	4	2	2
1190	4	2	2
1189	4	2	2
1188	4	2	2
1187	4	2	2
1186	4	2	2
1185	4	2	2
1184	4	2	2
1183	4	2	2
1182	4	2	2
1181	4	2	2
1180	4	2	2
1179	4	2	2
1178	4	2	2
1177	4	2	2
1176	4	2	2
1175	4	2	2
1174	4	2	2
1173	4	2	2
1172	4	2	2
1171	4	2	2
1170	4	2	2
1169	4	2	2
1168	4	2	2
1167	4	2	2
1166	4	2	2
1165	4	2	2
1164	4	2	2
1163	4	2	2
1162	4	2	2
1161	4	2	2
1160	4	2	2
1159	4	2	2
1158	4	2	2
1157	4	2	2
1156	4	2	2
1155	4	2	2
1154	4	2	2
1153	4	2	2
1152	4	2	2
1151	4	2	2
1150	4	2	2
1149	4	2	2
1148	4	2	2
1147	4	2	2
1146	4	2	2
1145	4	2	2
1144	4	2	2
1143	4	2	2
1142	4	2	2
1141	4	2	2
1140	4	2	2
1139	4	2	2
1138	4	2	2
1137	4	2	2
1136	4	2	2
1135	4	2	2
1134	4	2	2
1133	4	2	2
1132	4	2	2
1131	4	2	2
1130	4	2	2
1129	4	2	2
1128	4	2	2
1127	4	2	2
1126	4	2	2
1125	4	2	2
1124	4	2	2
1123	4	2	2
1122	4	2	2
1121	4	2	2
1120	4	2	2
1119	4	2	2
1118	4	2	2
1117	4	2	2
1116	4	2	2
1115	4	2	2
1114	4	2	2
1113	4	2	2
1112	4	2	2
1111	4	2	2
1110	4	2	2
1109	4	2	2
1108	4	2	2
1107	4	2	2
1106	4	2	2
1105	4	2	2
1104	4	2	2
1103	4	2	2
1102	4	2	2
1101	4	2	2
1100	4	2	2
1099	4	2	2
1098	4	2	2
1097	4	2	2
1096	4	2	2
1095	4	2	2
1094	4	2	2
1093	4	2	2
1092	4	2	2
1091	4	2	2
1090	4	2	2
1089	4	2	2
1088	4	2	2
1087	4	2	2
1086	4	2	2
1085	4	2	2
1084	4	2	2
1083	4	2	2
1082	4	2	2
1081	4	2	2
1080	4	2	2
1079	4	2	2
1078	4	2	2
1077	4	2	2
1076	4	2	2
1075	4	2	2
1074	4	2	2
1073	4	2	2
1072	4	2	2
1071	4	2	2
1070	4	2	2
1069	4	2	2
1068	4	2	2
1067	4	2	2
1066	4	2	2
1065	4	2	2
1064	4	2	2
1063	4	2	2
1062	4	2	2
1061	4	2	2
1060	4	2	2
1059	4	2	2
1058	4	2	2
1057	4	2	2
1056	4	2	2
1055	4	2	2
1054	4	2	2
1053	4	2	2
1052	4	2	2
1051	4	2	2
1050	4	2	2
1049	4	2	2
1048	4	2	2
1047	4	2	2
1046	4	2	2
1045	4	2	2
1044	4	2	2
1043	4	2	2
1042	4	2	2
1041	4	2	2
1040	4	2	2
1039	4	2	2
1038	4	2	2
1037	4	2	2
1036	4	2	2
1035	4	2	2
1034	4	2	2
1033	4	2	2
1032	4	2	2
1031	4	2	2
1030	4	2	2
1029	4	2	2
1028	4	2	2
1027	4	2	2
1026	4	2	2
1025	4	2	2
1024	4	2	2
1023	4	2	2
1022	4	2	2
1021	4	2	2
1020	4	2	2
1019	4	2	2
1018	4	2	2
1017	4	2	2
1016	4	2	2
1015	4	2	2
1014	4	2	2
1013	4	2	2
1012	4	2	2
1011	4	2	2
1010	4	2	2
1009	4	2	2
1008	4	2	2
1007	4	2	2
1006	4	2	2
1005	4	2	2
1004	4	2	2
1003	4	2	2
1002	4	2	2
1001	4	2	2
1000	4	2	2
999	4	2	2
998	4	2	2
997	4	2	2
996	4	2	2
995	4	2	2
994	4	2	2
993	4	2	2
992	4	2	2
991	4	2	2
990	4	2	2
989	4	2	2
988	4	2	2
987	4	2	2
986	4	2	2
985	4	2	2
984	4	1	2
983	4	1	2
982	4	1	2
981	4	1	2
980	4	1	2
979	4	1	2
978	4	1	2
977	4	1	2
976	4	1	2
975	4	1	2
974	4	1	2
973	4	1	2
972	4	1	2
971	4	1	2
970	4	1	2
969	4	1	2
968	4	1	2
967	4	1	2
966	4	1	2
965	4	1	2
964	4	1	2
963	4	1	2
962	4	1	2
961	4	1	2
960	4	1	2
959	4	1	2
958	4	1	2
957	4	1	2
956	4	1	2
955	4	1	2
954	4	1	2
953	4	1	2
952	4	1	2
951	4	1	2
950	4	1	2
949	4	1	2
948	4	1	2
947	4	1	2
946	4	1	2
945	4	1	2
944	4	1	2
943	4	1	2
942	4	1	2
941	4	1	2
940	4	1	2
939	4	1	2
938	4	1	2
937	4	1	2
936	4	1	2
935	4	1	2
934	4	1	2
933	4	1	2
932	4	1	2
931	4	1	2
930	4	1	2
929	4	1	2
928	4	1	2
927	4	1	2
926	4	1	2
925	4	1	2
924	4	1	2
923	4	1	2
922	4	1	2
921	4	1	2
920	4	1	2
919	4	1	2
918	4	1	2
917	4	1	2
916	4	1	2
915	4	1	2
914	4	1	2
913	4	1	2
912	4	1	2
911	4	1	2
910	4	1	2
909	4	1	1
908	4	1	1
907	4	1	1
906	4	1	1
905	4	1	1
904	4	1	1
903	4	1	1
902	4	1	1
901	4	1	1
900	4	1	1
899	4	1	1
898	4	1	1
897	4	1	1
896	4	1	1
895	4	1	1
894	4	1	1
893	4	1	1
892	4	1	1
891	4	1	1
890	4	1	1
889	4	1	1
888	4	1	1
887	4	1	1
886	4	1	1
885	4	1	1
884	4	1	1
883	4	1	1
882	4	1	1
881	4	1	1
880	4	1	1
879	4	1	1
878	4	1	1
877	4	1	1
876	3	1	1
875	3	1	1
874	3	1	1
873	3	1	1
872	3	1	1
871	3	1	1
870	3	1	1
869	3	1	1
868	3	1	1
867	3	1	1
866	3	1	1
865	3	1	1
864	3	1	1
863	3	1	1
862	3	1	1
861	3	1	1
860	3	1	1
859	3	1	1
858	3	1	1
857	3	1	1
856	3	1	1
855	3	1	1
854	3	1	1
853	3	1	1
852	3	1	1
851	3	1	1
850	3	1	1
849	3	1	1
848	3	1	1
847	3	1	1
846	3	1	1
845	3	1	1
844	3	1	1
843	3	1	1
842	3	1	1
841	3	1	1
840	3	1	1
839	3	1	1
838	3	1	1
837	3	1	1
836	3	1	1
835	3	1	1
834	3	1	1
833	3	1	1
832	3	1	1
831	3	1	1
830	3	1	1
829	3	1	1
828	3	1	1
827	3	1	1
826	3	1	1
825	3	1	1
824	3	1	1
823	3	1	1
822	3	1	1
821	3	1	1
820	3	1	1
819	3	1	1
818	3	1	1
817	3	1	1
816	3	1	1
815	3	1	1
814	3	1	1
813	3	1	1
812	3	1	1
811	3	1	1
810	3	1	1
809	3	1	1
808	3	1	1
807	3	1	1
806	3	1	1
805	3	1	1
804	3	1	1
803	3	1	1
802	3	1	1
801	3	1	1
800	3	1	1
799	3	1	1
798	3	1	1
797	3	1	1
796	3	1	1
795	3	1	1
794	3	1	1
793	3	1	1
792	3	1	1
791	3	1	1
790	3	1	1
789	3	1	1
788	3	1	1
787	3	1	1
786	3	1	1
785	3	1	1
784	3	1	1
783	3	1	1
782	3	1	1
781	3	1	1
780	3	1	1
779	3	1	1
778	3	1	1
777	3	1	1
776	3	1	1
775	3	1	1
774	3	1	1
773	3	1	1
772	3	1	1
771	3	1	1
770	3	1	1
769	3	1	1
768	3	1	1
767	3	1	1
766	3	1	1
765	3	1	1
764	3	1	1
763	3	1	1
762	3	1	1
761	3	1	1
760	3	1	1
759	3	1	1
758	3	1	1
757	3	1	1
756	3	1	1
755	3	1	1
754	3	1	1
753	3	1	1
752	3	1	1
751	3	1	1
750	3	1	1
749	3	1	1
748	3	1	1
747	3	1	1
746	3	1	1
745	3	1	1
744	3	1	1
743	3	1	1
742	3	1	1
741	3	1	1
740	3	1	1
739	3	1	1
738	3	1	1
737	3	1	1
736	3	1	1
735	3	1	1
734	3	1	1
733	3	1	1
732	3	1	1
731	3	1	1
730	3	1	1
729	3	1	1
728	3	1	1
727	3	1	1
726	3	1	1
725	3	1	1
724	3	1	1
723	3	1	1
722	3	1	1
721	3	1	1
720	3	1	1
719	3	1	1
718	3	1	1
717	3	1	1
716	3	1	1
715	3	1	1
714	3	1	1
713	3	1	1
712	3	1	1
711	3	1	1
710	3	1	1
709	3	1	1
708	3	1	1
707	3	1	1
706	3	1	1
705	3	1	1
704	3	1	1
703	3	1	1
702	3	1	1
701	3	1	1
700	3	1	1
699	3	1	1
698	3	1	1
697	3	1	1
696	3	1	1
695	3	1	1
694	3	1	1
693	3	1	1
692	3	1	1
691	3	1	1
690	3	1	1
689	3	1	1
688	3	1	1
687	3	1	1
686	3	1	1
685	3	1	1
684	3	1	1
683	3	1	1
682	3	1	1
681	3	1	1
680	3	1	1
679	3	1	1
678	3	1	1
677	3	1	1
676	3	1	1
675	3	1	1
674	3	1	1
673	3	1	1
672	3	1	1
671	3	1	1
670	3	1	1
669	3	1	1
668	3	1	1
667	3	1	1
666	3	1	1
665	3	1	1
664	3	1	1
663	3	1	1
662	3	1	1
661	3	1	1
660	3	1	1
659	3	1	1
658	3	1	1
657	3	1	1
656	3	1	1
655	3	1	1
654	3	1	1
653	3	1	1
652	3	1	1
651	3	1	1
650	3	1	1
649	3	1	1
648	3	1	1
647	3	1	1
646	3	1	1
645	3	1	1
644	3	1	1
643	3	1	1
642	3	1	1
641	3	1	1
640	3	1	1
639	3	1	1
638	3	1	1
637	3	1	1
636	3	1	1
635	3	1	1
634	3	1	1
633	3	1	1
632	3	1	1
631	3	1	1
630	3	1	1
629	3	1	1
628	3	1	1
627	3	1	1
626	3	1	1
625	3	1	1
624	3	1	1
623	3	1	1
622	3	1	1
621	3	1	1
620	3	1	1
619	3	1	1
618	3	1	1
617	3	1	1
616	3	1	1
615	3	1	1
614	3	1	1
613	3	1	1
612	3	1	1
611	3	1	1
610	3	1	1
609	3	1	1
608	3	1	1
607	3	1	1
606	3	1	1
605	3	1	1
604	3	1	1
603	3	1	1
602	3	1	1
601	3	1	1
600	3	1	1
599	3	1	1
598	3	1	1
597	3	1	1
596	3	1	1
595	3	1	1
594	3	1	1
593	3	1	1
592	3	1	1
591	3	1	1
590	3	1	1
589	3	1	1
588	3	1	1
587	3	1	1
586	3	1	1
585	3	1	1
584	3	1	1
583	3	1	1
582	3	1	1
581	3	1	1
580	3	1	1
579	3	1	1
578	3	1	1
577	3	1	1
576	3	1	1
575	3	1	1
574	3	1	1
573	3	1	1
572	3	1	1
571	3	1	1
570	3	1	1
569	3	1	1
568	3	1	1
567	3	1	1
566	3	1	1
565	3	1	1
564	3	1	1
563	3	1	1
562	3	1	1
561	3	1	1
560	3	1	1
559	3	1	1
558	3	1	1
557	3	1	1
556	3	1	1
555	3	1	1
554	3	1	1
553	3	1	1
552	3	1	1
551	3	1	1
550	3	1	1
549	3	1	1
548	3	1	1
547	3	1	1
546	3	1	1
545	3	1	1
544	3	1	1
543	3	1	1
542	3	1	1
541	3	1	1
540	3	1	1
539	3	1	1
538	3	1	1
537	3	1	1
536	3	1	1
535	3	1	1
534	3	1	1
533	3	1	1
532	3	1	1
531	3	1	1
530	3	1	1
529	3	1	1
528	3	1	1
527	3	1	1
526	3	1	1
525	3	1	1
524	3	1	1
523	3	1	1
522	3	1	1
521	3	1	1
520	3	1	1
519	3	1	1
518	3	1	1
517	3	1	1
516	3	1	1
515	3	1	1
514	3	1	1
513	3	1	1
512	3	1	1
511	3	1	1
510	3	1	1
509	3	1	1
508	3	1	1
507	3	1	1
506	3	1	1
505	3	1	1
504	3	1	1
503	3	1	1
502	3	1	1
501	3	1	1
500	3	1	1
499	3	1	1
498	3	1	1
497	3	1	1
496	3	1	1
495	3	1	1
494	3	1	1
493	3	1	1
492	3	1	1
491	3	1	1
490	3	1	1
489	3	1	1
488	3	1	1
487	3	1	1
486	3	1	1
485	3	1	1
484	3	1	1
483	3	1	1
482	3	1	1
481	3	1	1
480	3	1	1
479	3	1	1
478	3	1	1
477	3	1	1
476	3	1	1
475	3	1	1
474	3	1	1
473	3	1	1
472	3	1	1
471	3	1	1
470	3	1	1
469	3	1	1
468	3	1	1
467	3	1	1
466	3	1	1
465	3	1	1
464	3	1	1
463	3	1	1
462	3	1	1
461	3	1	1
460	3	1	1
459	3	1	1
458	3	1	1
457	3	1	1
456	3	1	1
455	3	1	1
454	3	1	1
453	3	1	1
452	3	1	1
451	3	1	1
450	3	1	1
449	3	1	1
448	3	1	1
447	3	1	1
446	3	1	1
445	3	1	1
444	3	1	1
443	3	1	1
442	3	1	1
441	3	1	1
440	3	1	1
439	3	1	1
438	3	1	1
437	3	1	1
436	3	1	1
435	3	1	1
434	3	1	1
433	3	1	1
432	3	1	1
431	2	1	1
430	2	1	1
429	2	1	1
428	2	1	1
427	2	1	1
426	2	1	1
425	2	1	1
424	2	1	1
423	2	1	1
422	2	1	1
421	2	1	1
420	2	1	1
419	2	1	1
418	2	1	1
417	2	1	1
416	2	1	1
415	2	1	1
414	2	1	1
413	2	1	1
412	2	1	1
411	2	1	1
410	2	1	1
409	2	1	1
408	2	1	1
407	2	1	1
406	2	1	1
405	2	1	1
404	2	1	1
403	2	1	1
402	2	1	1
401	2	1	1
400	2	1	1
399	2	1	1
398	2	1	1
397	2	1	1
396	2	1	1
395	2	1	1
394	2	1	1
393	2	1	1
392	2	1	1
391	2	1	1
390	2	1	1
389	2	1	1
388	2	1	1
387	2	1	1
386	2	1	1
385	2	1	1
384	2	1	1
383	2	1	1
382	2	1	1
381	2	1	1
380	2	1	1
379	2	1	1
378	2	1	1
377	2	1	1
376	2	1	1
375	2	1	1
374	2	1	1
373	2	1	1
372	2	1	1
371	2	1	1
370	2	1	1
369	2	1	1
368	2	1	1
367	2	1	1
366	2	1	1
365	2	1	1
364	2	1	1
363	2	1	1
362	2	1	1
361	2	1	1
360	2	1	1
359	2	1	1
358	2	1	1
357	2	1	1
356	2	1	1
355	2	1	1
354	2	1	1
353	2	1	1
352	2	1	1
351	2	1	1
350	2	1	1
349	2	1	1
348	2	1	1
347	2	1	1
346	2	1	1
345	2	1	1
344	2	1	1
343	2	1	1
342	2	1	1
341	2	1	1
340	2	1	1
339	2	1	1
338	2	1	1
337	2	1	1
336	2	1	1
335	2	1	1
334	2	1	1
333	2	1	1
332	2	1	1
331	2	1	1
330	2	1	1
329	2	1	1
328	2	1	1
327	2	1	1
326	2	1	1
325	2	1	1
324	2	1	1
323	2	1	1
322	2	1	1
321	2	1	1
320	2	1	1
319	2	1	1
318	2	1	1
317	2	1	1
316	2	1	1
315	2	1	1
314	2	1	1
313	2	1	1
312	2	1	1
311	2	1	1
310	2	1	1
309	2	1	1
308	2	1	1
307	2	1	1
306	2	1	1
305	2	1	1
304	2	1	1
303	2	1	1
302	2	1	1
301	2	1	1
300	2	1	1
299	2	1	1
298	2	1	1
297	2	1	1
296	2	1	1
295	2	1	1
294	2	1	1
293	2	1	1
292	2	1	1
291	2	1	1
290	2	1	1
289	2	1	1
288	2	1	1
287	2	1	1
286	2	1	1
285	2	1	1
284	2	1	1
283	2	1	1
282	2	1	1
281	2	1	1
280	2	1	1
279	2	1	1
278	2	1	1
277	2	1	1
276	2	1	1
275	2	1	1
274	2	1	1
273	2	1	1
272	2	0	1
271	2	0	1
270	2	0	1
269	2	0	1
268	2	0	1
267	2	0	1
266	2	0	1
265	2	0	1
264	2	0	1
263	2	0	1
262	2	0	1
261	2	0	1
260	2	0	1
259	2	0	1
258	2	0	1
257	2	0	1
256	2	0	1
255	2	0	1
254	2	0	1
253	2	0	1
252	2	0	1
251	2	0	1
250	2	0	1
249	2	0	1
248	2	0	1
247	2	0	1
246	2	0	1
245	2	0	1
244	2	0	1
243	2	0	1
242	2	0	1
241	2	0	0
240	2	0	0
239	2	0	0
238	2	0	0
237	2	0	0
236	2	0	0
235	2	0	0
234	2	0	0
233	2	0	0
232	2	0	0
231	2	0	0
230	2	0	0
229	2	0	0
228	2	0	0
227	2	0	0
226	2	0	0
225	2	0	0
224	2	0	0
223	2	0	0
222	2	0	0
221	2	0	0
220	2	0	0
219	2	0	0
218	2	0	0
217	2	0	0
216	2	0	0
215	2	0	0
214	2	0	0
213	2	0	0
212	2	0	0
211	2	0	0
210	2	0	0
209	2	0	0
208	2	0	0
207	2	0	0
206	2	0	0
205	2	0	0
204	2	0	0
203	2	0	0
202	2	0	0
201	2	0	0
200	2	0	0
199	2	0	0
198	2	0	0
197	2	0	0
196	2	0	0
195	2	0	0
194	2	0	0
193	2	0	0
192	2	0	0
191	2	0	0
190	2	0	0
189	2	0	0
188	2	0	0
187	2	0	0
186	2	0	0
185	2	0	0
184	2	0	0
183	2	0	0
182	2	0	0
181	2	0	0
180	2	0	0
179	2	0	0
178	2	0	0
177	2	0	0
176	2	0	0
175	2	0	0
174	2	0	0
173	2	0	0
172	2	0	0
171	2	0	0
170	2	0	0
169	2	0	0
168	2	0	0
167	2	0	0
166	2	0	0
165	2	0	0
164	2	0	0
163	2	0	0
162	2	0	0
161	2	0	0
160	2	0	0
159	2	0	0
158	2	0	0
157	2	0	0
156	2	0	0
155	2	0	0
154	2	0	0
153	2	0	0
152	2	0	0
151	2	0	0
150	2	0	0
149	2	0	0
148	2	0	0
147	1	0	0
146	1	0	0
145	1	0	0
144	1	0	0
143	1	0	0
142	1	0	0
141	1	0	0
140	1	0	0
139	1	0	0
138	1	0	0
137	1	0	0
136	1	0	0
135	1	0	0
134	1	0	0
133	1	0	0
132	1	0	0
131	1	0	0
130	1	0	0
129	1	0	0
128	1	0	0
127	1	0	0
126	1	0	0
125	1	0	0
124	1	0	0
123	1	0	0
122	1	0	0
121	1	0	0
120	1	0	0
119	1	0	0
118	1	0	0
117	1	0	0
116	1	0	0
115	1	0	0
114	1	0	0
113	1	0	0
112	1	0	0
111	1	0	0
110	1	0	0
109	1	0	0
108	1	0	0
107	1	0	0
106	1	0	0
105	1	0	0
104	1	0	0
103	1	0	0
102	1	0	0
101	1	0	0
100	1	0	0
99	1	0	0
98	1	0	0
97	1	0	0
96	1	0	0
95	1	0	0
94	1	0	0
93	1	0	0
92	1	0	0
91	1	0	0
90	1	0	0
89	1	0	0
88	1	0	0
87	1	0	0
86	1	0	0
85	1	0	0
84	1	0	0
83	1	0	0
82	1	0	0
81	1	0	0
80	1	0	0
79	1	0	0
78	1	0	0
77	1	0	0
76	1	0	0
75	1	0	0
74	1	0	0
73	1	0	0
72	1	0	0
71	1	0	0
70	1	0	0
69	1	0	0
68	1	0	0
67	1	0	0
66	1	0	0
65	1	0	0
64	1	0	0
63	1	0	0
62	1	0	0
61	1	0	0
60	1	0	0
59	1	0	0
58	1	0	0
57	1	0	0
56	1	0	0
55	1	0	0
54	1	0	0
53	1	0	0
52	1	0	0
51	1	0	0
50	1	0	0
49	1	0	0
48	1	0	0
47	1	0	0
46	1	0	0
45	1	0	0
44	1	0	0
43	1	0	0
42	1	0	0
41	1	0	0
40	1	0	0
39	1	0	0
38	1	0	0
37	1	0	0
36	1	0	0
35	1	0	0
34	1	0	0
33	1	0	0
32	1	0	0
31	1	0	0
30	1	0	0
29	1	0	0
28	1	0	0
27	1	0	0
26	1	0	0
25	1	0	0
24	1	0	0
23	0	0	0
22	0	0	0
21	0	0	0
20	0	0	0
19	0	0	0
18	0	0	0
17	0	0	0
16	0	0	0
15	0	0	0
14	0	0	0
13	0	0	0
12	0	0	0
11	0	0	0
10	0	0	0
9	0	0	0
8	0	0	0
7	0	0	0
6	0	0	0
5	0	0	0
4	0	0	0
3	0	0	0
2	0	0	0
1	0	0	0
