800	38	15	15
799	37	14	15
798	36	14	14
797	36	13	13
796	35	13	13
795	35	13	13
794	34	13	13
793	34	13	13
792	34	13	13
791	34	12	13
790	33	12	13
789	33	12	13
788	32	12	13
787	32	12	12
786	32	12	12
785	32	12	12
784	31	12	12
783	31	12	12
782	31	12	12
781	31	11	12
780	31	11	11
779	31	11	11
778	31	11	11
777	30	11	11
776	30	11	11
775	30	11	11
774	30	11	11
773	29	11	11
772	29	11	11
771	29	11	11
770	29	10	11
769	29	10	11
768	29	10	11
767	28	10	10
766	28	10	10
765	28	10	10
764	28	10	10
763	28	10	10
762	28	10	10
761	28	10	10
760	28	10	10
759	27	10	10
758	27	10	10
757	27	10	10
756	27	10	10
755	27	10	10
754	27	10	10
753	27	10	10
752	27	10	10
751	27	9	10
750	27	9	10
749	27	9	10
748	27	9	10
747	27	9	10
746	26	9	10
745	26	9	9
744	26	9	9
743	26	9	9
742	26	9	9
741	26	9	9
740	26	9	9
739	26	9	9
738	26	9	9
737	26	9	9
736	26	9	9
735	26	9	9
734	25	9	9
733	25	9	9
732	25	9	9
731	25	9	9
730	25	9	9
729	25	9	9
728	25	9	9
727	25	9	9
726	25	9	9
725	25	9	9
724	25	9	9
723	25	9	9
722	25	9	9
721	25	9	9
720	25	9	9
719	25	9	9
718	25	9	9
717	25	9	9
716	24	9	9
715	24	9	9
714	24	9	9
713	24	8	9
712	24	8	9
711	24	8	9
710	24	8	9
709	24	8	9
708	24	8	9
707	24	8	9
706	24	8	9
705	24	8	9
704	24	8	9
703	23	8	9
702	23	8	9
701	23	8	8
700	23	8	8
699	23	8	8
698	23	8	8
697	23	8	8
696	23	8	8
695	23	8	8
694	23	8	8
693	23	8	8
692	23	8	8
691	23	8	8
690	23	8	8
689	23	8	8
688	23	8	8
687	23	8	8
686	23	8	8
685	23	8	8
684	23	8	8
683	23	8	8
682	23	8	8
681	23	8	8
680	22	8	8
679	22	8	8
678	22	8	8
677	22	8	8
676	22	8	8
675	22	8	8
674	22	8	8
673	22	8	8
672	22	8	8
671	22	8	8
670	22	8	8
669	22	8	8
668	22	8	8
667	22	8	8
666	22	8	8
665	22	8	8
664	22	8	8
663	22	8	8
662	22	8	8
661	22	8	8
660	22	8	8
659	22	8	8
658	21	8	8
657	21	8	8
656	21	8	8
655	21	8	8
654	21	8	8
653	21	8	8
652	21	8	8
651	21	8	8
650	21	8	8
649	21	8	8
648	21	8	8
647	21	8	8
646	21	8	8
645	21	8	8
644	21	8	8
643	21	8	8
642	21	7	8
641	21	7	8
640	21	7	8
639	21	7	8
638	21	7	8
637	21	7	8
636	21	7	8
635	21	7	8
634	21	7	8
633	21	7	8
632	21	7	8
631	21	7	8
630	21	7	8
629	21	7	8
628	21	7	8
627	21	7	8
626	21	7	8
625	21	7	8
624	21	7	8
623	21	7	8
622	21	7	7
621	21	7	7
620	21	7	7
619	21	7	7
618	21	7	7
617	21	7	7
616	21	7	7
615	21	7	7
614	21	7	7
613	21	7	7
612	21	7	7
611	20	7	7
610	20	7	7
609	20	7	7
608	20	7	7
607	20	7	7
606	20	7	7
605	20	7	7
604	20	7	7
603	20	7	7
602	20	7	7
601	20	7	7
600	20	7	7
599	20	7	7
598	20	7	7
597	20	7	7
596	20	7	7
595	20	7	7
594	20	7	7
593	20	7	7
592	20	7	7
591	20	7	7
590	20	7	7
589	20	7	7
588	20	7	7
587	20	7	7
586	20	7	7
585	20	7	7
584	20	7	7
583	20	7	7
582	20	7	7
581	20	7	7
580	20	7	7
579	20	7	7
578	20	7	7
577	20	7	7
576	20	7	7
575	20	7	7
574	20	7	7
573	20	7	7
572	20	7	7
571	20	7	7
570	20	7	7
569	20	7	7
568	20	7	7
567	19	7	7
566	19	7	7
565	19	7	7
564	19	7	7
563	19	7	7
562	19	7	7
561	19	7	7
560	19	7	7
559	19	7	7
558	19	7	7
557	19	7	7
556	19	7	7
555	19	7	7
554	19	7	7
553	19	7	7
552	19	7	7
551	19	7	7
550	19	7	7
549	19	7	7
548	19	7	7
547	19	7	7
546	19	7	7
545	19	7	7
544	19	7	7
543	19	7	7
542	19	7	7
541	19	7	7
540	19	7	7
539	19	7	7
538	19	7	7
537	19	7	7
536	19	7	7
535	19	7	7
534	19	7	7
533	19	7	7
532	19	7	7
531	19	7	7
530	19	7	7
529	19	7	7
528	19	7	7
527	19	7	7
526	19	7	7
525	19	6	7
524	19	6	7
523	19	6	7
522	19	6	7
521	18	6	7
520	18	6	7
519	18	6	7
518	18	6	7
517	18	6	7
516	18	6	7
515	18	6	7
514	18	6	7
513	18	6	6
512	18	6	6
511	18	6	6
510	18	6	6
509	18	6	6
508	18	6	6
507	18	6	6
506	18	6	6
505	18	6	6
504	18	6	6
503	18	6	6
502	18	6	6
501	18	6	6
500	18	6	6
499	18	6	6
498	18	6	6
497	18	6	6
496	18	6	6
495	18	6	6
494	18	6	6
493	18	6	6
492	18	6	6
491	18	6	6
490	18	6	6
489	18	6	6
488	18	6	6
487	18	6	6
486	18	6	6
485	18	6	6
484	18	6	6
483	18	6	6
482	18	6	6
481	18	6	6
480	18	6	6
479	18	6	6
478	18	6	6
477	18	6	6
476	18	6	6
475	18	6	6
474	18	6	6
473	18	6	6
472	17	6	6
471	17	6	6
470	17	6	6
469	17	6	6
468	17	6	6
467	17	6	6
466	17	6	6
465	17	6	6
464	17	6	6
463	17	6	6
462	17	6	6
461	17	6	6
460	17	6	6
459	17	6	6
458	17	6	6
457	17	6	6
456	17	6	6
455	17	6	6
454	17	6	6
453	17	6	6
452	17	6	6
451	17	6	6
450	17	6	6
449	17	6	6
448	17	6	6
447	17	6	6
446	17	6	6
445	17	6	6
444	17	6	6
443	17	6	6
442	17	6	6
441	17	6	6
440	17	6	6
439	17	6	6
438	17	6	6
437	17	6	6
436	17	6	6
435	17	6	6
434	17	6	6
433	17	6	6
432	17	6	6
431	17	6	6
430	17	6	6
429	17	6	6
428	17	6	6
427	17	6	6
426	17	6	6
425	17	6	6
424	17	6	6
423	17	6	6
422	17	6	6
421	17	6	6
420	17	6	6
419	17	6	6
418	16	6	6
417	16	6	6
416	16	6	6
415	16	6	6
414	16	6	6
413	16	6	6
412	16	6	6
411	16	6	6
410	16	6	6
409	16	6	6
408	16	6	6
407	16	6	6
406	16	6	6
405	16	6	6
404	16	6	6
403	16	6	6
402	16	6	6
401	16	6	6
400	16	6	6
399	16	6	6
398	16	6	6
397	16	6	6
396	16	5	6
395	16	5	6
394	16	5	6
393	16	5	6
392	16	5	6
391	16	5	6
390	16	5	6
389	16	5	6
388	16	5	6
387	16	5	6
386	16	5	6
385	16	5	6
384	16	5	6
383	16	5	6
382	16	5	6
381	16	5	6
380	16	5	6
379	16	5	6
378	16	5	6
377	16	5	6
376	16	5	6
375	16	5	6
374	16	5	6
373	16	5	6
372	16	5	5
371	16	5	5
370	16	5	5
369	16	5	5
368	16	5	5
367	16	5	5
366	16	5	5
365	16	5	5
364	16	5	5
363	16	5	5
362	16	5	5
361	16	5	5
360	16	5	5
359	16	5	5
358	16	5	5
357	16	5	5
356	16	5	5
355	16	5	5
354	16	5	5
353	16	5	5
352	16	5	5
351	16	5	5
350	16	5	5
349	16	5	5
348	16	5	5
347	15	5	5
346	15	5	5
345	15	5	5
344	15	5	5
343	15	5	5
342	15	5	5
341	15	5	5
340	15	5	5
339	15	5	5
338	15	5	5
337	15	5	5
336	15	5	5
335	15	5	5
334	15	5	5
333	15	5	5
332	15	5	5
331	15	5	5
330	15	5	5
329	15	5	5
328	15	5	5
327	15	5	5
326	15	5	5
325	15	5	5
324	15	5	5
323	15	5	5
322	15	5	5
321	15	5	5
320	15	5	5
319	15	5	5
318	15	5	5
317	15	5	5
316	15	5	5
315	15	5	5
314	15	5	5
313	15	5	5
312	15	5	5
311	15	5	5
310	15	5	5
309	15	5	5
308	15	5	5
307	15	5	5
306	15	5	5
305	15	5	5
304	15	5	5
303	15	5	5
302	15	5	5
301	15	5	5
300	15	5	5
299	15	5	5
298	15	5	5
297	15	5	5
296	15	5	5
295	15	5	5
294	15	5	5
293	15	5	5
292	15	5	5
291	15	5	5
290	15	5	5
289	15	5	5
288	15	5	5
287	15	5	5
286	15	5	5
285	15	5	5
284	15	5	5
283	14	5	5
282	14	5	5
281	14	5	5
280	14	5	5
279	14	5	5
278	14	5	5
277	14	5	5
276	14	5	5
275	14	5	5
274	14	5	5
273	14	5	5
272	14	5	5
271	14	5	5
270	14	5	5
269	14	5	5
268	14	5	5
267	14	5	5
266	14	5	5
265	14	5	5
264	14	4	5
263	14	4	5
262	14	4	5
261	14	4	5
260	14	4	5
259	14	4	5
258	14	4	5
257	14	4	5
256	14	4	5
255	14	4	5
254	14	4	5
253	14	4	5
252	14	4	5
251	14	4	5
250	14	4	5
249	14	4	5
248	14	4	5
247	14	4	5
246	14	4	5
245	14	4	5
244	14	4	5
243	14	4	5
242	14	4	5
241	14	4	5
240	14	4	5
239	14	4	5
238	14	4	5
237	14	4	4
236	14	4	4
235	14	4	4
234	14	4	4
233	14	4	4
232	14	4	4
231	14	4	4
230	14	4	4
229	14	4	4
228	14	4	4
227	14	4	4
226	14	4	4
225	14	4	4
224	14	4	4
223	14	4	4
222	14	4	4
221	14	4	4
220	14	4	4
219	14	4	4
218	13	4	4
217	13	4	4
216	13	4	4
215	13	4	4
214	13	4	4
213	13	4	4
212	13	4	4
211	13	4	4
210	13	4	4
209	13	4	4
208	13	4	4
207	13	4	4
206	13	4	4
205	13	4	4
204	13	4	4
203	13	4	4
202	13	4	4
201	13	4	4
200	13	4	4
199	13	4	4
198	13	4	4
197	13	4	4
196	13	4	4
195	13	4	4
194	13	4	4
193	13	4	4
192	13	4	4
191	13	4	4
190	13	4	4
189	13	4	4
188	13	4	4
187	13	4	4
186	13	4	4
185	13	4	4
184	13	4	4
183	13	4	4
182	13	4	4
181	13	4	4
180	13	4	4
179	13	4	4
178	13	4	4
177	13	4	4
176	13	4	4
175	13	4	4
174	13	4	4
173	13	4	4
172	13	4	4
171	13	4	4
170	13	4	4
169	13	4	4
168	13	4	4
167	13	4	4
166	13	4	4
165	13	4	4
164	13	4	4
163	13	4	4
162	13	4	4
161	13	4	4
160	12	4	4
159	12	4	4
158	12	4	4
157	12	4	4
156	12	4	4
155	12	4	4
154	12	4	4
153	12	4	4
152	12	4	4
151	12	4	4
150	12	4	4
149	12	4	4
148	12	4	4
147	12	4	4
146	12	4	4
145	12	4	4
144	12	4	4
143	12	4	4
142	12	4	4
141	12	4	4
140	12	4	4
139	12	4	4
138	12	3	4
137	12	3	4
136	12	3	4
135	12	3	4
134	12	3	4
133	12	3	4
132	12	3	4
131	12	3	4
130	12	3	4
129	12	3	4
128	12	3	4
127	12	3	4
126	12	3	4
125	12	3	4
124	12	3	4
123	12	3	4
122	12	3	4
121	12	3	4
120	12	3	3
119	11	3	3
118	11	3	3
117	11	3	3
116	11	3	3
115	11	3	3
114	11	3	3
113	11	3	3
112	11	3	3
111	11	3	3
110	11	3	3
109	11	3	3
108	11	3	3
107	11	3	3
106	11	3	3
105	11	3	3
104	11	3	3
103	11	3	3
102	11	3	3
101	11	3	3
100	11	3	3
99	11	3	3
98	11	3	3
97	11	3	3
96	11	3	3
95	11	3	3
94	11	3	3
93	11	3	3
92	11	3	3
91	11	3	3
90	11	3	3
89	11	3	3
88	11	3	3
87	11	3	3
86	11	3	3
85	11	3	3
84	11	3	3
83	11	3	3
82	11	3	3
81	11	3	3
80	11	3	3
79	11	3	3
78	11	3	3
77	11	3	3
76	11	3	3
75	10	3	3
74	10	3	3
73	10	3	3
72	10	3	3
71	10	3	3
70	10	3	3
69	10	3	3
68	10	3	3
67	10	3	3
66	10	3	3
65	10	3	3
64	10	3	3
63	10	3	3
62	10	3	3
61	10	3	3
60	10	3	3
59	10	2	3
58	10	2	3
57	10	2	3
56	10	2	3
55	10	2	3
54	10	2	3
53	10	2	3
52	10	2	2
51	10	2	2
50	10	2	2
49	10	2	2
48	10	2	2
47	10	2	2
46	10	2	2
45	10	2	2
44	10	2	2
43	10	2	2
42	10	2	2
41	10	2	2
40	10	2	2
39	9	2	2
38	9	2	2
37	9	2	2
36	9	2	2
35	9	2	2
34	9	2	2
33	9	2	2
32	9	2	2
31	9	2	2
30	9	2	2
29	9	2	2
28	9	2	2
27	9	2	2
26	9	2	2
25	9	2	2
24	9	2	2
23	8	2	2
22	8	2	2
21	8	2	2
20	8	2	2
19	8	2	2
18	8	2	2
17	8	2	2
16	8	2	2
15	8	2	2
14	8	2	2
13	8	2	2
12	7	1	2
11	7	1	2
10	7	1	1
9	7	1	1
8	6	1	1
7	6	1	1
6	6	1	1
5	6	1	1
4	6	1	1
3	6	0	1
2	5	0	0
1	4	0	0
