2, 36, 12, 93, 115, 4, 29, 94
98, 99, 4, 37, 6, 84, 61, 95
0, 4, 7, 104, 9, 41, 24, 59
64, 65, 38, 74, 16, 113, 114, 91
0, 1, 2, 42, 11, 15, 81, 89
64, 105, 12, 45, 82, 58, 26, 94
1, 71, 73, 10, 114, 86, 23, 24
64, 2, 49, 42, 46, 80, 81, 54
70, 71, 43, 47, 80, 52, 55, 95
2, 113, 83, 21, 85, 91, 30, 63
6, 39, 104, 47, 112, 116, 111, 29
4, 38, 71, 72, 76, 79, 86, 119
0, 36, 5, 44, 78, 16, 53, 62
66, 100, 101, 106, 34, 48, 52, 28
33, 69, 116, 88, 57, 60, 61, 30
4, 43, 44, 79, 81, 50, 47, 63
96, 66, 3, 105, 12, 116, 21, 30
99, 106, 108, 45, 46, 78, 22, 61
80, 97, 43, 108, 112, 115, 52, 94
67, 81, 41, 107, 49, 58, 28, 93
103, 72, 45, 80, 115, 116, 84, 91
65, 66, 9, 109, 16, 85, 29, 62
104, 87, 109, 17, 115, 23, 27, 31
118, 6, 74, 107, 78, 48, 115, 22
96, 2, 37, 6, 45, 111, 101, 31
64, 32, 71, 107, 108, 112, 90, 94
33, 70, 102, 46, 49, 85, 5, 117
64, 38, 70, 40, 75, 116, 22, 58
35, 68, 40, 105, 13, 19, 52, 118
0, 43, 102, 106, 75, 21, 56, 10
35, 9, 107, 14, 16, 49, 110, 56
32, 35, 104, 72, 22, 24, 89, 90
64, 101, 102, 43, 46, 112, 25, 31
37, 41, 74, 14, 81, 57, 26, 60
65, 35, 69, 70, 41, 43, 13, 112
34, 100, 70, 92, 113, 28, 30, 31
0, 100, 37, 76, 74, 12, 81, 105
33, 36, 1, 40, 112, 116, 24, 63
3, 11, 110, 114, 84, 119, 27, 92
99, 10, 75, 108, 46, 50, 83, 89
37, 105, 47, 51, 118, 27, 28, 95
33, 34, 103, 2, 80, 113, 19, 87
96, 97, 4, 7, 79, 51, 111, 60
32, 34, 8, 15, 18, 91, 92, 29
96, 101, 104, 12, 46, 15, 84, 63
5, 78, 111, 17, 20, 24, 89, 47
32, 7, 73, 75, 44, 17, 39, 26
40, 10, 45, 15, 8, 82, 53, 61
64, 99, 13, 110, 78, 54, 23, 89
97, 99, 68, 7, 19, 26, 93, 30
103, 104, 39, 15, 114, 51, 54, 79
68, 40, 42, 50, 88, 57, 58, 59
98, 8, 13, 18, 88, 90, 28, 62
67, 100, 73, 107, 12, 47, 90, 95
98, 69, 7, 103, 48, 50, 84, 95
68, 8, 75, 77, 110, 85, 86, 61
64, 73, 77, 78, 117, 59, 29, 30
33, 98, 101, 76, 14, 111, 51, 85
19, 100, 69, 51, 118, 89, 27, 5
2, 70, 88, 51, 116, 87, 56, 94
96, 33, 71, 74, 14, 117, 86, 42
1, 66, 81, 119, 14, 47, 17, 55
97, 72, 106, 12, 78, 52, 21, 87
97, 37, 9, 44, 15, 83, 84, 87
32, 3, 5, 7, 48, 56, 25, 27
98, 3, 109, 66, 77, 34, 21, 93
65, 106, 13, 77, 16, 21, 87, 61
69, 72, 74, 77, 81, 19, 53, 117
104, 105, 87, 49, 51, 86, 55, 28
34, 67, 110, 14, 117, 54, 88, 58
96, 34, 35, 8, 27, 83, 26, 59
11, 6, 8, 73, 119, 25, 89, 60
67, 104, 11, 76, 75, 20, 62, 31
6, 71, 46, 80, 53, 56, 90, 93
33, 67, 36, 79, 115, 3, 23, 60
99, 39, 72, 76, 46, 55, 27, 29
11, 36, 72, 75, 110, 84, 117, 57
65, 66, 67, 109, 55, 56, 90, 93
12, 45, 48, 17, 85, 23, 56, 62
11, 101, 42, 107, 50, 15, 114, 74
98, 7, 8, 41, 110, 18, 20, 73
33, 67, 36, 7, 15, 19, 4, 61
96, 97, 5, 105, 106, 109, 47, 92
100, 101, 70, 39, 9, 111, 118, 63
1, 38, 44, 76, 20, 54, 63, 95
9, 78, 112, 21, 55, 88, 57, 26
98, 68, 6, 102, 11, 113, 55, 60
66, 68, 41, 106, 22, 59, 62, 63
69, 102, 14, 113, 51, 52, 85, 59
4, 71, 39, 45, 48, 58, 103, 31
99, 73, 77, 111, 52, 53, 25, 31
3, 102, 103, 9, 43, 20, 117, 94
35, 101, 38, 103, 43, 108, 82, 93
96, 65, 0, 73, 77, 49, 19, 92
0, 91, 5, 102, 18, 25, 59, 95
97, 1, 40, 8, 84, 53, 54, 94
70, 42, 44, 16, 82, 24, 60, 93
18, 42, 109, 49, 82, 95, 62, 63
65, 54, 1, 109, 80, 52, 86, 57
1, 17, 75, 48, 49, 118, 39, 90
35, 36, 108, 13, 83, 53, 119, 58
32, 44, 13, 79, 83, 24, 57, 92
32, 114, 86, 88, 26, 91, 29, 94
41, 106, 50, 20, 54, 89, 91, 92
2, 68, 72, 10, 44, 50, 22, 31
68, 5, 40, 107, 16, 82, 36, 28
66, 103, 13, 17, 82, 87, 29, 62
105, 79, 114, 19, 53, 23, 25, 30
100, 39, 17, 18, 115, 119, 25, 92
97, 98, 118, 65, 77, 82, 21, 22
80, 69, 38, 76, 48, 114, 55, 30
10, 45, 83, 119, 24, 57, 90, 42
32, 34, 37, 10, 113, 18, 85, 25
3, 41, 119, 112, 35, 86, 9, 88
3, 6, 38, 107, 110, 79, 50, 102
0, 22, 74, 108, 18, 20, 118, 23
59, 37, 10, 14, 16, 20, 117, 27
67, 69, 76, 116, 56, 26, 91, 60
99, 40, 109, 115, 83, 23, 58, 28
100, 38, 71, 11, 108, 111, 113, 61
