960	39	12	12
959	33	11	11
958	33	11	11
957	32	11	11
956	32	11	11
955	31	10	11
954	31	10	11
953	31	10	11
952	31	10	10
951	30	10	10
950	30	10	10
949	30	9	10
948	29	9	10
947	29	9	10
946	29	9	10
945	29	9	10
944	29	9	10
943	29	9	9
942	29	9	9
941	29	9	9
940	29	9	9
939	28	9	9
938	28	9	9
937	28	9	9
936	28	9	9
935	28	9	9
934	28	9	9
933	28	8	9
932	28	8	9
931	28	8	9
930	28	8	9
929	27	8	9
928	27	8	9
927	27	8	9
926	27	8	9
925	27	8	8
924	27	8	8
923	27	8	8
922	27	8	8
921	27	8	8
920	27	8	8
919	26	8	8
918	26	8	8
917	26	8	8
916	26	8	8
915	26	8	8
914	26	8	8
913	26	8	8
912	26	8	8
911	26	8	8
910	25	8	8
909	25	8	8
908	25	8	8
907	25	8	8
906	25	8	8
905	25	8	8
904	25	8	8
903	25	8	8
902	25	8	8
901	24	7	8
900	24	7	8
899	24	7	8
898	24	7	8
897	24	7	8
896	24	7	8
895	24	7	8
894	24	7	8
893	24	7	8
892	24	7	8
891	24	7	8
890	24	7	8
889	24	7	8
888	24	7	8
887	24	7	8
886	24	7	7
885	24	7	7
884	23	7	7
883	23	7	7
882	23	7	7
881	23	7	7
880	23	7	7
879	23	7	7
878	23	7	7
877	23	7	7
876	23	7	7
875	23	7	7
874	23	7	7
873	23	7	7
872	23	7	7
871	23	7	7
870	23	7	7
869	23	7	7
868	23	7	7
867	23	7	7
866	23	7	7
865	22	7	7
864	22	7	7
863	22	7	7
862	22	7	7
861	22	7	7
860	22	7	7
859	22	7	7
858	22	7	7
857	22	7	7
856	22	7	7
855	22	7	7
854	22	7	7
853	22	7	7
852	22	7	7
851	22	7	7
850	22	7	7
849	22	7	7
848	21	7	7
847	21	7	7
846	21	7	7
845	21	7	7
844	21	7	7
843	21	7	7
842	21	7	7
841	21	7	7
840	21	7	7
839	21	7	7
838	21	7	7
837	21	7	7
836	21	7	7
835	21	7	7
834	21	7	7
833	21	7	7
832	21	7	7
831	21	7	7
830	21	7	7
829	21	7	7
828	21	7	7
827	21	7	7
826	21	7	7
825	21	7	7
824	21	7	7
823	21	7	7
822	21	7	7
821	21	7	7
820	21	7	7
819	21	6	7
818	21	6	7
817	21	6	7
816	20	6	7
815	20	6	7
814	20	6	7
813	20	6	7
812	20	6	7
811	20	6	7
810	20	6	7
809	20	6	7
808	20	6	7
807	20	6	7
806	20	6	7
805	20	6	7
804	20	6	7
803	20	6	7
802	20	6	7
801	20	6	7
800	20	6	7
799	20	6	7
798	20	6	7
797	20	6	6
796	20	6	6
795	20	6	6
794	20	6	6
793	20	6	6
792	20	6	6
791	20	6	6
790	20	6	6
789	20	6	6
788	20	6	6
787	20	6	6
786	20	6	6
785	20	6	6
784	20	6	6
783	20	6	6
782	20	6	6
781	20	6	6
780	19	6	6
779	19	6	6
778	19	6	6
777	19	6	6
776	19	6	6
775	19	6	6
774	19	6	6
773	19	6	6
772	19	6	6
771	19	6	6
770	19	6	6
769	19	6	6
768	19	6	6
767	19	6	6
766	19	6	6
765	19	6	6
764	19	6	6
763	19	6	6
762	19	6	6
761	19	6	6
760	19	6	6
759	19	6	6
758	19	6	6
757	19	6	6
756	19	6	6
755	19	6	6
754	19	6	6
753	19	6	6
752	19	6	6
751	19	6	6
750	19	6	6
749	18	6	6
748	18	6	6
747	18	6	6
746	18	6	6
745	18	6	6
744	18	6	6
743	18	6	6
742	18	6	6
741	18	6	6
740	18	6	6
739	18	6	6
738	18	6	6
737	18	6	6
736	18	6	6
735	18	6	6
734	18	6	6
733	18	6	6
732	18	6	6
731	18	6	6
730	18	6	6
729	18	6	6
728	18	6	6
727	18	6	6
726	18	6	6
725	18	6	6
724	18	6	6
723	18	6	6
722	18	6	6
721	18	6	6
720	18	6	6
719	18	6	6
718	18	6	6
717	18	6	6
716	18	6	6
715	18	6	6
714	18	6	6
713	18	6	6
712	18	6	6
711	18	6	6
710	18	6	6
709	18	6	6
708	18	6	6
707	18	6	6
706	18	6	6
705	18	6	6
704	18	6	6
703	18	6	6
702	18	6	6
701	18	6	6
700	18	6	6
699	17	6	6
698	17	5	6
697	17	5	6
696	17	5	6
695	17	5	6
694	17	5	6
693	17	5	6
692	17	5	6
691	17	5	6
690	17	5	6
689	17	5	6
688	17	5	6
687	17	5	6
686	17	5	6
685	17	5	6
684	17	5	6
683	17	5	6
682	17	5	6
681	17	5	6
680	17	5	6
679	17	5	6
678	17	5	6
677	17	5	6
676	17	5	6
675	17	5	6
674	17	5	6
673	17	5	6
672	17	5	6
671	17	5	6
670	17	5	6
669	17	5	6
668	17	5	6
667	17	5	5
666	17	5	5
665	17	5	5
664	17	5	5
663	17	5	5
662	17	5	5
661	17	5	5
660	17	5	5
659	17	5	5
658	17	5	5
657	17	5	5
656	17	5	5
655	17	5	5
654	17	5	5
653	16	5	5
652	16	5	5
651	16	5	5
650	16	5	5
649	16	5	5
648	16	5	5
647	16	5	5
646	16	5	5
645	16	5	5
644	16	5	5
643	16	5	5
642	16	5	5
641	16	5	5
640	16	5	5
639	16	5	5
638	16	5	5
637	16	5	5
636	16	5	5
635	16	5	5
634	16	5	5
633	16	5	5
632	16	5	5
631	16	5	5
630	16	5	5
629	16	5	5
628	16	5	5
627	16	5	5
626	16	5	5
625	16	5	5
624	16	5	5
623	16	5	5
622	16	5	5
621	16	5	5
620	16	5	5
619	16	5	5
618	16	5	5
617	16	5	5
616	16	5	5
615	16	5	5
614	16	5	5
613	16	5	5
612	16	5	5
611	16	5	5
610	16	5	5
609	16	5	5
608	16	5	5
607	16	5	5
606	16	5	5
605	16	5	5
604	16	5	5
603	16	5	5
602	16	5	5
601	16	5	5
600	16	5	5
599	16	5	5
598	15	5	5
597	15	5	5
596	15	5	5
595	15	5	5
594	15	5	5
593	15	5	5
592	15	5	5
591	15	5	5
590	15	5	5
589	15	5	5
588	15	5	5
587	15	5	5
586	15	5	5
585	15	5	5
584	15	5	5
583	15	5	5
582	15	5	5
581	15	5	5
580	15	5	5
579	15	5	5
578	15	5	5
577	15	5	5
576	15	5	5
575	15	5	5
574	15	5	5
573	15	5	5
572	15	5	5
571	15	5	5
570	15	5	5
569	15	5	5
568	15	5	5
567	15	5	5
566	15	5	5
565	15	5	5
564	15	5	5
563	15	5	5
562	15	5	5
561	15	5	5
560	15	5	5
559	15	5	5
558	15	5	5
557	15	5	5
556	15	5	5
555	15	5	5
554	15	5	5
553	15	5	5
552	15	5	5
551	15	5	5
550	15	5	5
549	15	5	5
548	15	5	5
547	15	5	5
546	15	5	5
545	15	5	5
544	15	5	5
543	15	5	5
542	15	5	5
541	15	5	5
540	15	5	5
539	15	5	5
538	15	5	5
537	15	5	5
536	15	5	5
535	15	5	5
534	14	5	5
533	14	5	5
532	14	5	5
531	14	4	5
530	14	4	5
529	14	4	5
528	14	4	5
527	14	4	5
526	14	4	5
525	14	4	5
524	14	4	5
523	14	4	5
522	14	4	5
521	14	4	5
520	14	4	5
519	14	4	5
518	14	4	5
517	14	4	5
516	14	4	5
515	14	4	5
514	14	4	5
513	14	4	5
512	14	4	5
511	14	4	5
510	14	4	5
509	14	4	5
508	14	4	5
507	14	4	5
506	14	4	5
505	14	4	5
504	14	4	5
503	14	4	5
502	14	4	5
501	14	4	5
500	14	4	5
499	14	4	5
498	14	4	5
497	14	4	5
496	14	4	5
495	14	4	5
494	14	4	5
493	14	4	5
492	14	4	5
491	14	4	5
490	14	4	5
489	14	4	5
488	14	4	5
487	14	4	5
486	14	4	4
485	14	4	4
484	14	4	4
483	14	4	4
482	14	4	4
481	14	4	4
480	14	4	4
479	14	4	4
478	14	4	4
477	14	4	4
476	14	4	4
475	14	4	4
474	14	4	4
473	14	4	4
472	14	4	4
471	14	4	4
470	14	4	4
469	13	4	4
468	13	4	4
467	13	4	4
466	13	4	4
465	13	4	4
464	13	4	4
463	13	4	4
462	13	4	4
461	13	4	4
460	13	4	4
459	13	4	4
458	13	4	4
457	13	4	4
456	13	4	4
455	13	4	4
454	13	4	4
453	13	4	4
452	13	4	4
451	13	4	4
450	13	4	4
449	13	4	4
448	13	4	4
447	13	4	4
446	13	4	4
445	13	4	4
444	13	4	4
443	13	4	4
442	13	4	4
441	13	4	4
440	13	4	4
439	13	4	4
438	13	4	4
437	13	4	4
436	13	4	4
435	13	4	4
434	13	4	4
433	13	4	4
432	13	4	4
431	13	4	4
430	13	4	4
429	13	4	4
428	13	4	4
427	13	4	4
426	13	4	4
425	13	4	4
424	13	4	4
423	13	4	4
422	13	4	4
421	13	4	4
420	13	4	4
419	13	4	4
418	13	4	4
417	13	4	4
416	13	4	4
415	13	4	4
414	13	4	4
413	13	4	4
412	13	4	4
411	13	4	4
410	13	4	4
409	13	4	4
408	13	4	4
407	13	4	4
406	13	4	4
405	13	4	4
404	13	4	4
403	13	4	4
402	13	4	4
401	13	4	4
400	13	4	4
399	13	4	4
398	13	4	4
397	13	4	4
396	13	4	4
395	13	4	4
394	13	4	4
393	13	4	4
392	13	4	4
391	13	4	4
390	13	4	4
389	13	4	4
388	13	4	4
387	13	4	4
386	13	4	4
385	13	4	4
384	13	4	4
383	13	4	4
382	13	4	4
381	13	4	4
380	13	4	4
379	13	4	4
378	13	4	4
377	13	4	4
376	13	4	4
375	13	4	4
374	13	4	4
373	13	4	4
372	13	4	4
371	13	4	4
370	12	4	4
369	12	4	4
368	12	4	4
367	12	4	4
366	12	4	4
365	12	4	4
364	12	4	4
363	12	4	4
362	12	4	4
361	12	4	4
360	12	4	4
359	12	4	4
358	12	4	4
357	12	4	4
356	12	4	4
355	12	4	4
354	12	4	4
353	12	4	4
352	12	4	4
351	12	4	4
350	12	4	4
349	12	4	4
348	12	4	4
347	12	4	4
346	12	4	4
345	12	4	4
344	12	4	4
343	12	4	4
342	12	4	4
341	12	4	4
340	12	4	4
339	12	4	4
338	12	4	4
337	12	4	4
336	12	4	4
335	12	4	4
334	12	3	4
333	12	3	4
332	12	3	4
331	12	3	4
330	12	3	4
329	12	3	4
328	12	3	4
327	12	3	4
326	12	3	4
325	12	3	4
324	12	3	4
323	12	3	4
322	12	3	4
321	12	3	4
320	12	3	4
319	12	3	4
318	12	3	4
317	12	3	4
316	12	3	4
315	12	3	4
314	12	3	4
313	12	3	4
312	12	3	4
311	12	3	4
310	12	3	4
309	12	3	4
308	12	3	4
307	12	3	4
306	12	3	4
305	12	3	3
304	12	3	3
303	12	3	3
302	12	3	3
301	12	3	3
300	12	3	3
299	12	3	3
298	12	3	3
297	12	3	3
296	12	3	3
295	12	3	3
294	12	3	3
293	12	3	3
292	12	3	3
291	12	3	3
290	12	3	3
289	12	3	3
288	12	3	3
287	12	3	3
286	11	3	3
285	11	3	3
284	11	3	3
283	11	3	3
282	11	3	3
281	11	3	3
280	11	3	3
279	11	3	3
278	11	3	3
277	11	3	3
276	11	3	3
275	11	3	3
274	11	3	3
273	11	3	3
272	11	3	3
271	11	3	3
270	11	3	3
269	11	3	3
268	11	3	3
267	11	3	3
266	11	3	3
265	11	3	3
264	11	3	3
263	11	3	3
262	11	3	3
261	11	3	3
260	11	3	3
259	11	3	3
258	11	3	3
257	11	3	3
256	11	3	3
255	11	3	3
254	11	3	3
253	11	3	3
252	11	3	3
251	11	3	3
250	11	3	3
249	11	3	3
248	11	3	3
247	11	3	3
246	11	3	3
245	11	3	3
244	11	3	3
243	11	3	3
242	11	3	3
241	11	3	3
240	11	3	3
239	11	3	3
238	11	3	3
237	11	3	3
236	11	3	3
235	11	3	3
234	11	3	3
233	11	3	3
232	11	3	3
231	11	3	3
230	11	3	3
229	11	3	3
228	11	3	3
227	11	3	3
226	11	3	3
225	11	3	3
224	11	3	3
223	11	3	3
222	11	3	3
221	11	3	3
220	11	3	3
219	11	3	3
218	11	3	3
217	10	3	3
216	10	3	3
215	10	3	3
214	10	3	3
213	10	3	3
212	10	3	3
211	10	3	3
210	10	3	3
209	10	3	3
208	10	3	3
207	10	3	3
206	10	3	3
205	10	3	3
204	10	3	3
203	10	3	3
202	10	3	3
201	10	3	3
200	10	3	3
199	10	3	3
198	10	3	3
197	10	3	3
196	10	3	3
195	10	3	3
194	10	3	3
193	10	3	3
192	10	3	3
191	10	3	3
190	10	3	3
189	10	3	3
188	10	3	3
187	10	3	3
186	10	3	3
185	10	3	3
184	10	3	3
183	10	3	3
182	10	3	3
181	10	3	3
180	10	3	3
179	10	3	3
178	10	3	3
177	10	3	3
176	10	3	3
175	10	3	3
174	10	3	3
173	10	3	3
172	10	3	3
171	10	3	3
170	10	3	3
169	10	3	3
168	10	2	3
167	10	2	3
166	10	2	3
165	10	2	3
164	10	2	3
163	10	2	3
162	10	2	3
161	10	2	3
160	10	2	3
159	9	2	3
158	9	2	3
157	9	2	3
156	9	2	3
155	9	2	3
154	9	2	3
153	9	2	3
152	9	2	3
151	9	2	3
150	9	2	3
149	9	2	3
148	9	2	2
147	9	2	2
146	9	2	2
145	9	2	2
144	9	2	2
143	9	2	2
142	9	2	2
141	9	2	2
140	9	2	2
139	9	2	2
138	9	2	2
137	9	2	2
136	9	2	2
135	9	2	2
134	9	2	2
133	9	2	2
132	9	2	2
131	9	2	2
130	9	2	2
129	9	2	2
128	9	2	2
127	9	2	2
126	9	2	2
125	9	2	2
124	9	2	2
123	9	2	2
122	9	2	2
121	9	2	2
120	9	2	2
119	9	2	2
118	9	2	2
117	9	2	2
116	9	2	2
115	9	2	2
114	9	2	2
113	9	2	2
112	9	2	2
111	9	2	2
110	9	2	2
109	9	2	2
108	9	2	2
107	9	2	2
106	9	2	2
105	8	2	2
104	8	2	2
103	8	2	2
102	8	2	2
101	8	2	2
100	8	2	2
99	8	2	2
98	8	2	2
97	8	2	2
96	8	2	2
95	8	2	2
94	8	2	2
93	8	2	2
92	8	2	2
91	8	2	2
90	8	2	2
89	8	2	2
88	8	2	2
87	8	2	2
86	8	2	2
85	8	2	2
84	8	2	2
83	8	2	2
82	8	2	2
81	8	2	2
80	8	2	2
79	8	2	2
78	8	2	2
77	8	2	2
76	8	2	2
75	8	2	2
74	8	2	2
73	8	2	2
72	8	2	2
71	8	2	2
70	8	2	2
69	8	2	2
68	8	2	2
67	8	2	2
66	8	2	2
65	8	2	2
64	7	2	2
63	7	2	2
62	7	2	2
61	7	2	2
60	7	2	2
59	7	2	2
58	7	2	2
57	7	1	2
56	7	1	2
55	7	1	2
54	7	1	2
53	7	1	1
52	7	1	1
51	7	1	1
50	7	1	1
49	7	1	1
48	7	1	1
47	7	1	1
46	7	1	1
45	7	1	1
44	7	1	1
43	7	1	1
42	7	1	1
41	7	1	1
40	7	1	1
39	7	1	1
38	7	1	1
37	7	1	1
36	7	1	1
35	7	1	1
34	7	1	1
33	7	1	1
32	6	1	1
31	6	1	1
30	6	1	1
29	6	1	1
28	6	1	1
27	6	1	1
26	6	1	1
25	6	1	1
24	6	1	1
23	6	1	1
22	6	1	1
21	6	1	1
20	6	1	1
19	6	1	1
18	6	1	1
17	6	1	1
16	6	1	1
15	5	1	1
14	5	1	1
13	5	0	1
12	5	0	1
11	5	0	1
10	5	0	0
9	5	0	0
8	5	0	0
7	5	0	0
6	5	0	0
5	5	0	0
4	4	0	0
3	4	0	0
2	4	0	0
1	3	0	0
