96, 227, 5, 232, 234, 171, 172, 241, 88, 185, 123, 29
161, 226, 259, 230, 71, 137, 42, 237, 209, 20, 118, 28
192, 43, 101, 7, 8, 39, 205, 83, 149, 249, 191, 159
34, 230, 113, 8, 206, 17, 82, 214, 154, 251, 124, 26
213, 67, 163, 134, 138, 45, 173, 47, 115, 21, 150, 53
0, 197, 6, 200, 12, 140, 209, 51, 222, 251, 252, 158
224, 5, 200, 42, 235, 204, 79, 240, 114, 87, 250, 191
256, 2, 164, 138, 254, 18, 244, 30, 120, 189, 158, 159
2, 3, 72, 42, 109, 111, 16, 83, 74, 215, 59, 10
64, 41, 74, 87, 175, 79, 147, 86, 151, 251, 61, 215
33, 97, 168, 140, 208, 8, 50, 57, 186, 251, 124, 61
100, 231, 232, 138, 111, 48, 51, 84, 213, 182, 23, 15
193, 162, 195, 132, 5, 33, 41, 15, 17, 50, 182, 253
32, 66, 81, 201, 234, 139, 109, 209, 41, 137, 26, 253
96, 165, 38, 104, 183, 76, 78, 143, 119, 248, 187, 63
129, 163, 197, 161, 234, 11, 12, 46, 112, 81, 190, 165
256, 165, 177, 8, 75, 208, 241, 50, 179, 21, 86, 54
256, 161, 3, 166, 136, 12, 168, 214, 23, 122, 255, 159
258, 69, 103, 171, 140, 46, 189, 144, 147, 54, 7, 125
256, 129, 258, 259, 198, 220, 96, 49, 216, 217, 122, 92
1, 65, 41, 202, 205, 142, 77, 52, 46, 58, 175, 125
4, 170, 139, 141, 16, 81, 190, 152, 250, 219, 222, 31
33, 113, 168, 71, 206, 145, 212, 117, 89, 155, 92, 223
160, 11, 133, 134, 43, 207, 17, 99, 148, 124, 254, 31
258, 259, 86, 235, 98, 49, 246, 151, 152, 101, 124, 182
193, 163, 101, 166, 201, 236, 45, 144, 83, 117, 122, 91
3, 196, 241, 202, 236, 13, 237, 81, 246, 216, 249, 248
246, 87, 50, 242, 147, 52, 54, 119, 90, 156, 94, 247
96, 33, 1, 138, 209, 114, 115, 53, 246, 58, 158, 127
0, 192, 134, 40, 234, 175, 240, 146, 213, 182, 215, 111
199, 200, 106, 7, 108, 142, 211, 52, 88, 180, 218, 188
34, 168, 105, 23, 78, 143, 242, 21, 118, 55, 93, 53
226, 195, 100, 243, 232, 43, 13, 99, 113, 115, 88, 58
67, 230, 167, 10, 87, 12, 116, 22, 55, 28, 158, 231
3, 100, 229, 232, 78, 110, 80, 209, 178, 244, 174, 31
96, 162, 227, 196, 198, 204, 239, 144, 178, 147, 61, 62
98, 145, 168, 202, 209, 40, 53, 118, 183, 252, 157, 149
192, 132, 133, 136, 171, 44, 207, 208, 153, 185, 126, 63
162, 199, 231, 141, 14, 243, 212, 213, 215, 39, 186, 92
128, 161, 2, 38, 169, 43, 109, 142, 114, 250, 91, 156
162, 36, 102, 71, 106, 208, 181, 121, 196, 220, 29, 127
258, 100, 136, 9, 235, 12, 13, 20, 233, 89, 251, 125
1, 100, 6, 166, 167, 8, 171, 238, 113, 86, 120, 191
32, 48, 2, 228, 39, 196, 206, 80, 84, 117, 23, 116
96, 226, 163, 37, 135, 234, 139, 140, 130, 110, 143, 184
75, 4, 243, 107, 77, 78, 239, 178, 51, 246, 25, 125
225, 98, 68, 166, 74, 143, 78, 15, 49, 18, 20, 79
128, 257, 66, 164, 4, 72, 176, 216, 121, 187, 157, 126
11, 133, 230, 169, 43, 141, 240, 50, 163, 248, 123, 101
68, 169, 46, 208, 24, 82, 19, 216, 57, 122, 219, 60
16, 66, 99, 196, 12, 10, 203, 204, 48, 82, 180, 27
99, 5, 230, 103, 11, 173, 142, 45, 88, 57, 62, 127
225, 219, 107, 141, 111, 178, 147, 20, 119, 27, 30, 63
164, 31, 171, 142, 241, 211, 85, 246, 4, 155, 28, 36
129, 233, 234, 140, 16, 18, 115, 149, 120, 122, 27, 92
33, 163, 103, 236, 80, 178, 179, 187, 150, 152, 59, 31
259, 100, 101, 168, 252, 139, 109, 82, 246, 184, 60, 223
224, 226, 227, 72, 10, 174, 49, 51, 58, 156, 138, 127
32, 148, 67, 69, 170, 107, 237, 80, 20, 120, 57, 28
256, 257, 227, 8, 221, 114, 126, 55, 185, 111, 253, 254
167, 183, 76, 110, 174, 49, 180, 117, 247, 56, 248, 62
35, 198, 104, 9, 10, 108, 176, 244, 105, 106, 254, 255
129, 251, 68, 35, 71, 143, 51, 117, 100, 90, 123, 60
128, 144, 37, 73, 235, 14, 80, 209, 52, 152, 89, 158
96, 131, 9, 77, 174, 221, 114, 243, 142, 124, 253, 95
130, 197, 141, 82, 83, 20, 214, 119, 88, 98, 220, 254
195, 232, 171, 13, 141, 238, 47, 173, 50, 182, 247, 125
33, 132, 203, 144, 85, 186, 121, 58, 92, 157, 4, 117
225, 163, 132, 49, 46, 241, 148, 119, 164, 155, 92, 62
194, 200, 92, 18, 176, 146, 179, 244, 117, 153, 58, 252
245, 101, 233, 138, 77, 110, 207, 240, 174, 217, 188, 159
1, 132, 167, 40, 204, 178, 22, 215, 220, 189, 62, 127
98, 8, 106, 47, 80, 180, 138, 57, 90, 111, 170, 190
147, 101, 233, 235, 108, 239, 115, 204, 169, 90, 252, 63
224, 197, 8, 233, 172, 77, 46, 240, 179, 86, 9, 223
176, 164, 102, 231, 104, 204, 45, 239, 16, 86, 152, 255
256, 162, 207, 133, 198, 103, 168, 14, 175, 143, 60, 221
64, 83, 70, 74, 107, 226, 238, 45, 82, 212, 20, 156
34, 102, 45, 14, 179, 46, 182, 31, 156, 93, 158, 95
256, 91, 6, 9, 138, 236, 46, 241, 83, 246, 127, 191
34, 131, 132, 135, 72, 43, 113, 55, 89, 58, 253, 63
258, 230, 198, 13, 239, 177, 21, 89, 26, 15, 254, 181
161, 194, 3, 65, 104, 105, 77, 49, 50, 56, 89, 223
65, 2, 199, 8, 203, 77, 79, 145, 146, 245, 25, 191
256, 129, 11, 43, 141, 207, 248, 146, 183, 88, 250, 158
96, 181, 67, 228, 167, 200, 143, 91, 53, 127, 124, 245
228, 74, 136, 9, 234, 75, 205, 16, 116, 24, 123, 42
33, 6, 200, 9, 173, 177, 180, 118, 151, 250, 27, 222
0, 65, 155, 51, 32, 109, 205, 99, 84, 116, 123, 30
232, 41, 170, 141, 143, 80, 81, 82, 22, 155, 253, 63
199, 72, 233, 167, 140, 173, 105, 73, 216, 218, 27, 62
192, 228, 165, 39, 167, 79, 85, 118, 25, 154, 207, 188
67, 68, 69, 102, 38, 105, 19, 181, 22, 54, 157, 191
128, 192, 163, 166, 139, 78, 175, 211, 186, 125, 94, 31
194, 229, 104, 107, 204, 130, 142, 93, 240, 150, 27, 253
160, 64, 172, 170, 192, 78, 207, 147, 213, 118, 249, 186
0, 64, 35, 228, 200, 44, 14, 232, 19, 85, 183, 28
98, 235, 100, 10, 139, 176, 148, 203, 152, 121, 186, 157
97, 36, 65, 72, 46, 208, 24, 213, 248, 187, 188, 181
32, 51, 202, 172, 241, 50, 211, 149, 23, 88, 218, 157
160, 97, 34, 32, 41, 42, 11, 177, 119, 56, 121, 62
2, 70, 137, 237, 48, 24, 146, 25, 73, 56, 249, 190
150, 134, 200, 137, 75, 78, 174, 40, 238, 246, 92, 190
257, 245, 171, 76, 255, 18, 51, 181, 55, 153, 191, 223
138, 75, 125, 173, 14, 61, 82, 126, 216, 219, 221, 94
197, 198, 124, 171, 146, 82, 212, 248, 90, 92, 61, 31
258, 199, 72, 233, 177, 221, 40, 30, 247, 122, 61, 222
131, 164, 199, 77, 206, 45, 209, 52, 152, 58, 122, 94
129, 199, 73, 142, 112, 148, 30, 152, 185, 122, 61, 254
227, 39, 8, 233, 13, 206, 216, 117, 246, 56, 88, 220
34, 227, 70, 44, 204, 210, 212, 213, 246, 247, 60, 190
195, 8, 11, 206, 175, 176, 72, 180, 171, 52, 59, 29
199, 124, 108, 175, 15, 242, 148, 117, 125, 252, 157, 245
256, 32, 226, 3, 168, 42, 205, 237, 80, 177, 22, 159
224, 64, 6, 39, 202, 212, 117, 151, 216, 121, 59, 28
32, 4, 133, 230, 73, 178, 28, 242, 252, 54, 201, 220
33, 194, 196, 134, 170, 43, 174, 177, 86, 215, 88, 249
128, 67, 69, 43, 109, 112, 114, 149, 22, 25, 60, 62
1, 258, 36, 133, 129, 95, 87, 207, 144, 247, 91, 31
68, 65, 100, 14, 184, 148, 245, 152, 217, 27, 52, 181
257, 227, 132, 7, 42, 171, 207, 54, 183, 248, 164, 58
97, 67, 100, 40, 151, 114, 47, 146, 213, 247, 205, 188
129, 133, 17, 106, 107, 108, 49, 19, 212, 54, 185, 25
0, 165, 203, 48, 243, 190, 214, 88, 218, 86, 62, 159
64, 160, 3, 199, 105, 10, 205, 112, 85, 23, 24, 157
160, 66, 165, 104, 41, 45, 226, 112, 18, 211, 20, 93
228, 37, 136, 169, 237, 174, 47, 176, 104, 147, 59, 255
193, 163, 51, 71, 232, 140, 79, 40, 131, 85, 57, 28
256, 161, 258, 39, 63, 157, 117, 47, 252, 93, 190, 255
226, 196, 118, 108, 173, 15, 19, 84, 54, 153, 122, 62
65, 228, 134, 170, 44, 206, 221, 147, 216, 218, 202, 94
64, 176, 194, 166, 200, 107, 173, 80, 146, 149, 221, 127
80, 67, 68, 37, 71, 234, 12, 240, 147, 120, 218, 189
227, 37, 220, 202, 76, 239, 48, 115, 118, 23, 122, 156
130, 195, 4, 102, 199, 148, 210, 116, 23, 228, 29, 255
224, 257, 259, 80, 201, 202, 44, 238, 144, 137, 185, 250
198, 162, 195, 37, 166, 41, 17, 86, 184, 249, 187, 126
1, 101, 102, 135, 225, 236, 13, 238, 239, 144, 148, 150
4, 70, 7, 104, 11, 174, 79, 72, 210, 243, 57, 28
97, 258, 234, 235, 44, 13, 21, 247, 56, 155, 93, 255
163, 5, 10, 44, 221, 241, 18, 54, 90, 187, 253, 127
84, 65, 66, 38, 176, 175, 48, 52, 21, 89, 189, 158
64, 39, 30, 108, 237, 210, 51, 20, 94, 251, 254, 53
228, 44, 46, 76, 173, 14, 85, 89, 153, 185, 62, 31
35, 67, 179, 135, 137, 236, 18, 211, 118, 25, 155, 63
214, 36, 229, 169, 235, 210, 83, 212, 22, 186, 219, 189
83, 131, 165, 105, 179, 212, 121, 84, 191, 101, 29, 69
130, 35, 196, 73, 240, 18, 52, 9, 132, 27, 126, 95
240, 68, 134, 97, 236, 119, 108, 112, 182, 23, 137, 58
160, 2, 99, 36, 229, 131, 117, 54, 183, 250, 188, 158
4, 102, 137, 170, 190, 209, 244, 254, 55, 153, 221, 94
166, 9, 87, 114, 212, 154, 121, 24, 249, 218, 251, 221
257, 107, 97, 231, 119, 108, 75, 244, 21, 55, 24, 63
129, 69, 103, 233, 203, 236, 237, 143, 177, 150, 37, 255
3, 210, 239, 208, 242, 151, 216, 91, 156, 189, 190, 159
68, 22, 139, 144, 241, 243, 212, 53, 214, 88, 89, 157
193, 133, 230, 39, 201, 77, 78, 247, 57, 154, 27, 218
128, 97, 162, 99, 36, 92, 238, 47, 112, 67, 155, 124
33, 164, 5, 7, 232, 141, 78, 84, 149, 185, 28, 63
2, 259, 197, 70, 17, 202, 7, 113, 203, 217, 154, 123
100, 170, 206, 253, 149, 23, 217, 218, 95, 124, 125, 223
128, 192, 258, 1, 39, 193, 242, 15, 17, 82, 222, 191
35, 38, 177, 136, 12, 76, 237, 40, 242, 204, 215, 157
4, 165, 231, 140, 44, 15, 48, 25, 55, 68, 93, 127
257, 75, 68, 166, 7, 107, 236, 47, 244, 53, 120, 158
193, 163, 198, 91, 235, 14, 15, 16, 146, 180, 123, 125
131, 164, 136, 42, 247, 46, 17, 25, 151, 217, 93, 222
192, 33, 71, 42, 85, 182, 183, 217, 90, 91, 60, 191
257, 36, 17, 252, 10, 76, 113, 22, 56, 220, 170, 31
194, 229, 39, 145, 73, 235, 238, 239, 48, 49, 250, 126
160, 257, 130, 72, 168, 116, 21, 150, 89, 58, 218, 95
0, 66, 37, 103, 105, 42, 111, 18, 53, 120, 251, 255
0, 193, 99, 74, 237, 189, 243, 215, 188, 221, 254, 95
129, 194, 131, 4, 197, 104, 66, 143, 51, 87, 90, 252
64, 34, 70, 102, 138, 211, 116, 202, 57, 60, 253, 126
225, 226, 9, 76, 141, 93, 111, 112, 20, 186, 252, 29
97, 131, 228, 69, 230, 200, 75, 141, 47, 111, 61, 126
225, 162, 100, 81, 106, 16, 113, 210, 116, 87, 153, 185
194, 35, 229, 71, 34, 45, 208, 115, 52, 55, 189, 191
144, 69, 16, 74, 78, 208, 146, 181, 55, 217, 250, 251
224, 259, 165, 72, 188, 111, 50, 30, 87, 250, 60, 222
98, 103, 40, 201, 81, 179, 85, 182, 119, 217, 92, 189
66, 227, 167, 234, 11, 12, 78, 148, 181, 24, 219, 29
96, 36, 167, 60, 205, 14, 84, 149, 233, 120, 252, 189
193, 227, 229, 136, 44, 238, 207, 119, 56, 185, 187, 223
0, 224, 37, 135, 108, 143, 177, 190, 184, 122, 59, 158
97, 67, 38, 10, 175, 145, 210, 214, 216, 220, 93, 95
98, 195, 136, 140, 14, 47, 209, 242, 243, 55, 184, 219
98, 70, 231, 172, 204, 244, 149, 121, 180, 91, 30, 213
132, 7, 178, 71, 172, 141, 145, 18, 181, 214, 183, 154
128, 259, 101, 102, 72, 110, 15, 21, 150, 185, 154, 123
161, 2, 6, 103, 42, 167, 178, 79, 210, 83, 92, 146
224, 161, 2, 37, 231, 167, 93, 211, 215, 91, 29, 95
161, 165, 199, 172, 12, 240, 213, 201, 184, 25, 156, 127
131, 69, 169, 82, 238, 173, 178, 195, 116, 244, 207, 94
32, 194, 66, 197, 134, 136, 236, 12, 205, 111, 242, 187
225, 35, 129, 40, 43, 239, 50, 147, 244, 245, 116, 26
65, 195, 5, 105, 74, 203, 236, 173, 15, 209, 219, 159
225, 35, 165, 81, 136, 105, 76, 206, 209, 19, 250, 61
193, 38, 134, 106, 107, 108, 112, 83, 245, 90, 124, 30
96, 176, 131, 69, 102, 232, 208, 85, 87, 6, 30, 5
193, 211, 135, 13, 241, 115, 181, 214, 247, 25, 156, 223
224, 130, 99, 36, 133, 135, 174, 114, 20, 26, 159, 255
97, 83, 67, 197, 233, 50, 227, 153, 217, 123, 254, 159
257, 162, 35, 6, 71, 73, 75, 110, 50, 188, 94, 223
2, 195, 228, 237, 113, 20, 86, 183, 88, 121, 217, 124
160, 130, 3, 198, 107, 109, 111, 43, 244, 22, 219, 255
194, 37, 70, 76, 226, 184, 84, 118, 23, 120, 91, 95
98, 37, 231, 200, 10, 16, 49, 178, 179, 40, 154, 253
1, 34, 36, 197, 198, 63, 107, 13, 150, 187, 28, 5
134, 177, 138, 142, 145, 244, 110, 154, 249, 186, 253, 191
192, 99, 201, 234, 174, 93, 144, 53, 218, 220, 125, 30
114, 38, 105, 77, 110, 240, 145, 146, 22, 151, 122, 155
224, 257, 98, 4, 38, 193, 11, 110, 121, 188, 29, 95
65, 226, 3, 229, 145, 201, 17, 259, 155, 186, 123, 189
192, 162, 38, 231, 8, 9, 71, 172, 243, 116, 251, 29
130, 230, 104, 109, 47, 49, 114, 19, 90, 154, 186, 26
160, 166, 70, 167, 203, 205, 19, 181, 119, 179, 223, 159
160, 130, 99, 132, 156, 170, 211, 151, 90, 123, 220, 30
224, 182, 49, 104, 231, 206, 145, 52, 21, 238, 187, 197
19, 65, 133, 211, 71, 168, 109, 238, 40, 115, 186, 218
64, 130, 131, 104, 172, 106, 235, 76, 140, 150, 151, 59
161, 226, 228, 5, 166, 225, 106, 236, 180, 245, 87, 21
160, 103, 201, 74, 204, 239, 56, 82, 22, 248, 217, 184
192, 6, 135, 202, 114, 242, 180, 213, 57, 185, 219, 74
196, 198, 231, 232, 137, 46, 175, 177, 52, 248, 68, 222
32, 1, 129, 44, 77, 207, 113, 214, 57, 175, 125, 222
0, 35, 133, 203, 109, 110, 248, 182, 57, 184, 120, 59
96, 130, 134, 43, 205, 143, 176, 222, 85, 86, 91, 126
34, 230, 169, 234, 145, 178, 149, 214, 184, 250, 94, 245
256, 1, 3, 229, 51, 33, 176, 48, 81, 115, 216, 156
192, 33, 75, 38, 225, 11, 208, 163, 215, 152, 219, 188
0, 225, 34, 11, 32, 200, 96, 235, 66, 89, 158, 127
70, 73, 74, 203, 109, 106, 54, 41, 153, 90, 183, 254
0, 132, 229, 139, 44, 13, 15, 211, 86, 54, 29, 182
97, 165, 6, 232, 169, 139, 145, 73, 41, 24, 221, 63
195, 164, 197, 137, 79, 144, 148, 55, 153, 25, 26, 222
1, 162, 101, 172, 205, 142, 113, 245, 153, 58, 26, 126
66, 102, 135, 169, 42, 194, 77, 137, 184, 219, 220, 157
35, 196, 133, 137, 75, 45, 81, 73, 169, 154, 249, 223
193, 132, 70, 6, 74, 48, 241, 147, 148, 212, 29, 94
0, 16, 99, 68, 201, 140, 79, 240, 53, 249, 26, 155
224, 256, 162, 195, 161, 112, 27, 115, 249, 154, 187, 31
64, 32, 123, 38, 257, 138, 172, 45, 259, 187, 215, 155
34, 196, 69, 7, 194, 206, 210, 150, 152, 164, 188, 61
259, 196, 229, 70, 199, 103, 237, 112, 83, 85, 119, 222
258, 102, 45, 109, 110, 79, 56, 53, 24, 26, 27, 28
66, 166, 201, 106, 139, 110, 156, 118, 121, 249, 27, 60
225, 258, 227, 105, 98, 14, 48, 84, 120, 26, 60, 223
2, 101, 136, 247, 210, 239, 241, 242, 116, 151, 26, 95
198, 229, 6, 39, 169, 135, 179, 180, 149, 87, 84, 21
3, 5, 41, 10, 171, 142, 259, 215, 9, 179, 151, 62
128, 36, 69, 168, 73, 173, 175, 112, 115, 183, 56, 5
64, 160, 80, 140, 12, 13, 174, 208, 210, 89, 59, 94
65, 7, 233, 108, 203, 172, 142, 81, 150, 23, 59, 61
128, 139, 134, 103, 202, 75, 206, 17, 171, 153, 61, 126
128, 230, 113, 7, 76, 79, 16, 17, 242, 19, 84, 59
164, 103, 168, 170, 135, 204, 47, 120, 243, 213, 152, 59
128, 161, 118, 81, 41, 106, 139, 24, 18, 19, 246, 248
19, 1, 135, 24, 243, 180, 245, 214, 56, 251, 190, 159
