3120	24	9	9
3119	24	8	8
3118	19	8	8
3117	17	7	8
3116	17	7	7
3115	17	7	7
3114	16	7	7
3113	16	7	7
3112	16	7	7
3111	15	7	7
3110	15	7	7
3109	14	6	7
3108	14	6	7
3107	14	6	7
3106	14	6	7
3105	14	6	7
3104	14	6	7
3103	14	6	6
3102	14	6	6
3101	14	6	6
3100	14	6	6
3099	13	6	6
3098	13	6	6
3097	13	6	6
3096	13	6	6
3095	13	6	6
3094	13	6	6
3093	13	6	6
3092	12	6	6
3091	12	6	6
3090	12	6	6
3089	12	6	6
3088	12	6	6
3087	12	6	6
3086	12	6	6
3085	12	6	6
3084	12	6	6
3083	12	6	6
3082	12	5	6
3081	12	5	6
3080	11	5	6
3079	11	5	6
3078	11	5	6
3077	11	5	6
3076	11	5	6
3075	11	5	6
3074	11	5	6
3073	11	5	6
3072	11	5	6
3071	11	5	6
3070	11	5	6
3069	11	5	6
3068	11	5	6
3067	11	5	6
3066	11	5	5
3065	11	5	5
3064	11	5	5
3063	11	5	5
3062	11	5	5
3061	11	5	5
3060	11	5	5
3059	11	5	5
3058	11	5	5
3057	11	5	5
3056	11	5	5
3055	11	5	5
3054	11	5	5
3053	11	5	5
3052	11	5	5
3051	11	5	5
3050	11	5	5
3049	11	5	5
3048	11	5	5
3047	11	5	5
3046	11	5	5
3045	11	5	5
3044	10	5	5
3043	10	5	5
3042	10	5	5
3041	10	5	5
3040	10	5	5
3039	10	5	5
3038	10	5	5
3037	10	5	5
3036	10	5	5
3035	10	5	5
3034	10	5	5
3033	10	5	5
3032	10	5	5
3031	10	5	5
3030	10	5	5
3029	10	5	5
3028	10	5	5
3027	10	5	5
3026	10	5	5
3025	10	5	5
3024	10	5	5
3023	10	5	5
3022	10	5	5
3021	10	5	5
3020	10	5	5
3019	10	5	5
3018	10	5	5
3017	10	5	5
3016	10	5	5
3015	10	5	5
3014	10	5	5
3013	10	5	5
3012	10	5	5
3011	10	5	5
3010	10	5	5
3009	10	5	5
3008	10	5	5
3007	10	5	5
3006	10	5	5
3005	10	5	5
3004	9	5	5
3003	9	5	5
3002	9	5	5
3001	9	5	5
3000	9	5	5
2999	9	5	5
2998	9	5	5
2997	9	5	5
2996	9	5	5
2995	9	5	5
2994	9	5	5
2993	9	5	5
2992	9	5	5
2991	9	5	5
2990	9	5	5
2989	9	4	5
2988	9	4	5
2987	9	4	5
2986	9	4	5
2985	9	4	5
2984	9	4	5
2983	9	4	5
2982	9	4	5
2981	9	4	5
2980	9	4	5
2979	9	4	5
2978	9	4	5
2977	9	4	5
2976	9	4	5
2975	9	4	5
2974	9	4	5
2973	9	4	5
2972	9	4	5
2971	9	4	5
2970	9	4	5
2969	9	4	5
2968	9	4	5
2967	9	4	5
2966	9	4	5
2965	9	4	5
2964	9	4	5
2963	9	4	5
2962	9	4	5
2961	9	4	5
2960	9	4	5
2959	9	4	5
2958	9	4	5
2957	9	4	4
2956	9	4	4
2955	9	4	4
2954	9	4	4
2953	9	4	4
2952	9	4	4
2951	9	4	4
2950	9	4	4
2949	9	4	4
2948	9	4	4
2947	9	4	4
2946	9	4	4
2945	9	4	4
2944	9	4	4
2943	9	4	4
2942	9	4	4
2941	9	4	4
2940	9	4	4
2939	9	4	4
2938	9	4	4
2937	9	4	4
2936	9	4	4
2935	9	4	4
2934	9	4	4
2933	9	4	4
2932	9	4	4
2931	9	4	4
2930	9	4	4
2929	9	4	4
2928	9	4	4
2927	9	4	4
2926	9	4	4
2925	9	4	4
2924	9	4	4
2923	9	4	4
2922	9	4	4
2921	9	4	4
2920	9	4	4
2919	9	4	4
2918	9	4	4
2917	9	4	4
2916	9	4	4
2915	9	4	4
2914	9	4	4
2913	9	4	4
2912	9	4	4
2911	9	4	4
2910	9	4	4
2909	9	4	4
2908	8	4	4
2907	8	4	4
2906	8	4	4
2905	8	4	4
2904	8	4	4
2903	8	4	4
2902	8	4	4
2901	8	4	4
2900	8	4	4
2899	8	4	4
2898	8	4	4
2897	8	4	4
2896	8	4	4
2895	8	4	4
2894	8	4	4
2893	8	4	4
2892	8	4	4
2891	8	4	4
2890	8	4	4
2889	8	4	4
2888	8	4	4
2887	8	4	4
2886	8	4	4
2885	8	4	4
2884	8	4	4
2883	8	4	4
2882	8	4	4
2881	8	4	4
2880	8	4	4
2879	8	4	4
2878	8	4	4
2877	8	4	4
2876	8	4	4
2875	8	4	4
2874	8	4	4
2873	8	4	4
2872	8	4	4
2871	8	4	4
2870	8	4	4
2869	8	4	4
2868	8	4	4
2867	8	4	4
2866	8	4	4
2865	8	4	4
2864	8	4	4
2863	8	4	4
2862	8	4	4
2861	8	4	4
2860	8	4	4
2859	8	4	4
2858	8	4	4
2857	8	4	4
2856	8	4	4
2855	8	4	4
2854	8	4	4
2853	8	4	4
2852	8	4	4
2851	8	4	4
2850	8	4	4
2849	8	4	4
2848	8	4	4
2847	8	4	4
2846	8	4	4
2845	8	4	4
2844	8	4	4
2843	8	4	4
2842	8	4	4
2841	8	4	4
2840	8	4	4
2839	8	4	4
2838	8	4	4
2837	8	4	4
2836	8	4	4
2835	8	4	4
2834	8	4	4
2833	8	4	4
2832	8	4	4
2831	8	4	4
2830	8	4	4
2829	8	4	4
2828	8	4	4
2827	8	4	4
2826	8	4	4
2825	8	4	4
2824	8	4	4
2823	8	4	4
2822	8	4	4
2821	8	4	4
2820	8	4	4
2819	8	4	4
2818	8	4	4
2817	8	4	4
2816	8	4	4
2815	8	4	4
2814	8	4	4
2813	8	4	4
2812	8	4	4
2811	8	4	4
2810	8	4	4
2809	8	4	4
2808	8	4	4
2807	8	4	4
2806	8	4	4
2805	8	4	4
2804	8	4	4
2803	8	4	4
2802	8	4	4
2801	8	4	4
2800	8	4	4
2799	8	4	4
2798	8	4	4
2797	8	4	4
2796	8	4	4
2795	8	4	4
2794	8	4	4
2793	8	4	4
2792	8	4	4
2791	8	4	4
2790	8	4	4
2789	8	4	4
2788	8	4	4
2787	8	4	4
2786	8	4	4
2785	8	4	4
2784	8	4	4
2783	8	4	4
2782	8	4	4
2781	8	4	4
2780	8	4	4
2779	8	4	4
2778	7	4	4
2777	7	4	4
2776	7	4	4
2775	7	4	4
2774	7	4	4
2773	7	4	4
2772	7	4	4
2771	7	4	4
2770	7	4	4
2769	7	4	4
2768	7	4	4
2767	7	4	4
2766	7	4	4
2765	7	4	4
2764	7	4	4
2763	7	4	4
2762	7	4	4
2761	7	4	4
2760	7	4	4
2759	7	4	4
2758	7	4	4
2757	7	4	4
2756	7	4	4
2755	7	4	4
2754	7	4	4
2753	7	4	4
2752	7	4	4
2751	7	4	4
2750	7	4	4
2749	7	4	4
2748	7	4	4
2747	7	4	4
2746	7	4	4
2745	7	4	4
2744	7	4	4
2743	7	4	4
2742	7	4	4
2741	7	4	4
2740	7	4	4
2739	7	4	4
2738	7	4	4
2737	7	4	4
2736	7	4	4
2735	7	4	4
2734	7	4	4
2733	7	4	4
2732	7	4	4
2731	7	4	4
2730	7	4	4
2729	7	4	4
2728	7	4	4
2727	7	4	4
2726	7	4	4
2725	7	4	4
2724	7	4	4
2723	7	4	4
2722	7	4	4
2721	7	4	4
2720	7	4	4
2719	7	4	4
2718	7	4	4
2717	7	4	4
2716	7	4	4
2715	7	4	4
2714	7	4	4
2713	7	4	4
2712	7	4	4
2711	7	4	4
2710	7	4	4
2709	7	4	4
2708	7	4	4
2707	7	4	4
2706	7	4	4
2705	7	4	4
2704	7	3	4
2703	7	3	4
2702	7	3	4
2701	7	3	4
2700	7	3	4
2699	7	3	4
2698	7	3	4
2697	7	3	4
2696	7	3	4
2695	7	3	4
2694	7	3	4
2693	7	3	4
2692	7	3	4
2691	7	3	4
2690	7	3	4
2689	7	3	4
2688	7	3	4
2687	7	3	4
2686	7	3	4
2685	7	3	4
2684	7	3	4
2683	7	3	4
2682	7	3	4
2681	7	3	4
2680	7	3	4
2679	7	3	4
2678	7	3	4
2677	7	3	4
2676	7	3	4
2675	7	3	4
2674	7	3	4
2673	7	3	4
2672	7	3	4
2671	7	3	4
2670	7	3	4
2669	7	3	4
2668	7	3	4
2667	7	3	4
2666	7	3	4
2665	7	3	4
2664	7	3	4
2663	7	3	4
2662	7	3	4
2661	7	3	4
2660	7	3	4
2659	7	3	4
2658	7	3	4
2657	7	3	4
2656	7	3	4
2655	7	3	4
2654	7	3	4
2653	7	3	4
2652	7	3	4
2651	7	3	4
2650	7	3	4
2649	7	3	4
2648	7	3	4
2647	7	3	4
2646	7	3	4
2645	7	3	4
2644	7	3	4
2643	7	3	4
2642	7	3	3
2641	7	3	3
2640	7	3	3
2639	7	3	3
2638	7	3	3
2637	7	3	3
2636	7	3	3
2635	7	3	3
2634	7	3	3
2633	7	3	3
2632	7	3	3
2631	7	3	3
2630	7	3	3
2629	7	3	3
2628	7	3	3
2627	7	3	3
2626	7	3	3
2625	7	3	3
2624	7	3	3
2623	7	3	3
2622	7	3	3
2621	7	3	3
2620	7	3	3
2619	7	3	3
2618	7	3	3
2617	7	3	3
2616	7	3	3
2615	7	3	3
2614	7	3	3
2613	7	3	3
2612	7	3	3
2611	7	3	3
2610	7	3	3
2609	7	3	3
2608	7	3	3
2607	7	3	3
2606	7	3	3
2605	7	3	3
2604	7	3	3
2603	7	3	3
2602	7	3	3
2601	7	3	3
2600	7	3	3
2599	7	3	3
2598	7	3	3
2597	7	3	3
2596	7	3	3
2595	7	3	3
2594	7	3	3
2593	7	3	3
2592	7	3	3
2591	7	3	3
2590	7	3	3
2589	7	3	3
2588	7	3	3
2587	7	3	3
2586	7	3	3
2585	7	3	3
2584	7	3	3
2583	7	3	3
2582	7	3	3
2581	7	3	3
2580	7	3	3
2579	7	3	3
2578	7	3	3
2577	7	3	3
2576	7	3	3
2575	7	3	3
2574	7	3	3
2573	7	3	3
2572	7	3	3
2571	7	3	3
2570	7	3	3
2569	7	3	3
2568	7	3	3
2567	7	3	3
2566	7	3	3
2565	7	3	3
2564	7	3	3
2563	7	3	3
2562	7	3	3
2561	7	3	3
2560	7	3	3
2559	7	3	3
2558	7	3	3
2557	7	3	3
2556	7	3	3
2555	7	3	3
2554	7	3	3
2553	7	3	3
2552	7	3	3
2551	7	3	3
2550	7	3	3
2549	7	3	3
2548	7	3	3
2547	7	3	3
2546	7	3	3
2545	6	3	3
2544	6	3	3
2543	6	3	3
2542	6	3	3
2541	6	3	3
2540	6	3	3
2539	6	3	3
2538	6	3	3
2537	6	3	3
2536	6	3	3
2535	6	3	3
2534	6	3	3
2533	6	3	3
2532	6	3	3
2531	6	3	3
2530	6	3	3
2529	6	3	3
2528	6	3	3
2527	6	3	3
2526	6	3	3
2525	6	3	3
2524	6	3	3
2523	6	3	3
2522	6	3	3
2521	6	3	3
2520	6	3	3
2519	6	3	3
2518	6	3	3
2517	6	3	3
2516	6	3	3
2515	6	3	3
2514	6	3	3
2513	6	3	3
2512	6	3	3
2511	6	3	3
2510	6	3	3
2509	6	3	3
2508	6	3	3
2507	6	3	3
2506	6	3	3
2505	6	3	3
2504	6	3	3
2503	6	3	3
2502	6	3	3
2501	6	3	3
2500	6	3	3
2499	6	3	3
2498	6	3	3
2497	6	3	3
2496	6	3	3
2495	6	3	3
2494	6	3	3
2493	6	3	3
2492	6	3	3
2491	6	3	3
2490	6	3	3
2489	6	3	3
2488	6	3	3
2487	6	3	3
2486	6	3	3
2485	6	3	3
2484	6	3	3
2483	6	3	3
2482	6	3	3
2481	6	3	3
2480	6	3	3
2479	6	3	3
2478	6	3	3
2477	6	3	3
2476	6	3	3
2475	6	3	3
2474	6	3	3
2473	6	3	3
2472	6	3	3
2471	6	3	3
2470	6	3	3
2469	6	3	3
2468	6	3	3
2467	6	3	3
2466	6	3	3
2465	6	3	3
2464	6	3	3
2463	6	3	3
2462	6	3	3
2461	6	3	3
2460	6	3	3
2459	6	3	3
2458	6	3	3
2457	6	3	3
2456	6	3	3
2455	6	3	3
2454	6	3	3
2453	6	3	3
2452	6	3	3
2451	6	3	3
2450	6	3	3
2449	6	3	3
2448	6	3	3
2447	6	3	3
2446	6	3	3
2445	6	3	3
2444	6	3	3
2443	6	3	3
2442	6	3	3
2441	6	3	3
2440	6	3	3
2439	6	3	3
2438	6	3	3
2437	6	3	3
2436	6	3	3
2435	6	3	3
2434	6	3	3
2433	6	3	3
2432	6	3	3
2431	6	3	3
2430	6	3	3
2429	6	3	3
2428	6	3	3
2427	6	3	3
2426	6	3	3
2425	6	3	3
2424	6	3	3
2423	6	3	3
2422	6	3	3
2421	6	3	3
2420	6	3	3
2419	6	3	3
2418	6	3	3
2417	6	3	3
2416	6	3	3
2415	6	3	3
2414	6	3	3
2413	6	3	3
2412	6	3	3
2411	6	3	3
2410	6	3	3
2409	6	3	3
2408	6	3	3
2407	6	3	3
2406	6	3	3
2405	6	3	3
2404	6	3	3
2403	6	3	3
2402	6	3	3
2401	6	3	3
2400	6	3	3
2399	6	3	3
2398	6	3	3
2397	6	3	3
2396	6	3	3
2395	6	3	3
2394	6	3	3
2393	6	3	3
2392	6	3	3
2391	6	3	3
2390	6	3	3
2389	6	3	3
2388	6	3	3
2387	6	3	3
2386	6	3	3
2385	6	3	3
2384	6	3	3
2383	6	3	3
2382	6	3	3
2381	6	3	3
2380	6	3	3
2379	6	3	3
2378	6	3	3
2377	6	3	3
2376	6	3	3
2375	6	3	3
2374	6	3	3
2373	6	3	3
2372	6	3	3
2371	6	3	3
2370	6	3	3
2369	6	3	3
2368	6	3	3
2367	6	3	3
2366	6	3	3
2365	6	3	3
2364	6	3	3
2363	6	3	3
2362	6	3	3
2361	6	3	3
2360	6	3	3
2359	6	3	3
2358	6	3	3
2357	6	3	3
2356	6	3	3
2355	6	3	3
2354	6	3	3
2353	6	3	3
2352	6	3	3
2351	6	3	3
2350	6	3	3
2349	6	3	3
2348	6	3	3
2347	6	3	3
2346	6	3	3
2345	6	3	3
2344	6	3	3
2343	6	3	3
2342	6	3	3
2341	6	3	3
2340	6	3	3
2339	6	3	3
2338	6	3	3
2337	6	3	3
2336	6	3	3
2335	6	3	3
2334	6	3	3
2333	6	3	3
2332	6	3	3
2331	6	3	3
2330	6	3	3
2329	6	3	3
2328	6	3	3
2327	6	3	3
2326	6	3	3
2325	6	3	3
2324	6	3	3
2323	6	3	3
2322	6	3	3
2321	6	3	3
2320	6	3	3
2319	6	3	3
2318	6	3	3
2317	6	3	3
2316	6	3	3
2315	6	3	3
2314	6	3	3
2313	6	3	3
2312	6	3	3
2311	6	3	3
2310	6	3	3
2309	6	3	3
2308	6	3	3
2307	6	3	3
2306	6	3	3
2305	6	3	3
2304	6	3	3
2303	6	3	3
2302	6	3	3
2301	6	3	3
2300	6	3	3
2299	6	3	3
2298	6	3	3
2297	6	3	3
2296	6	3	3
2295	6	3	3
2294	6	3	3
2293	6	3	3
2292	6	3	3
2291	6	3	3
2290	6	3	3
2289	6	3	3
2288	6	3	3
2287	6	3	3
2286	6	3	3
2285	6	3	3
2284	6	3	3
2283	6	3	3
2282	6	3	3
2281	6	3	3
2280	6	3	3
2279	6	3	3
2278	6	3	3
2277	6	3	3
2276	6	3	3
2275	6	3	3
2274	6	3	3
2273	6	3	3
2272	6	3	3
2271	6	3	3
2270	6	3	3
2269	6	3	3
2268	6	3	3
2267	6	3	3
2266	6	3	3
2265	6	3	3
2264	6	3	3
2263	6	3	3
2262	6	3	3
2261	6	3	3
2260	6	3	3
2259	6	3	3
2258	6	3	3
2257	6	3	3
2256	6	3	3
2255	6	3	3
2254	6	3	3
2253	6	3	3
2252	6	3	3
2251	6	3	3
2250	6	3	3
2249	6	3	3
2248	6	3	3
2247	6	3	3
2246	6	3	3
2245	6	3	3
2244	6	3	3
2243	6	3	3
2242	6	3	3
2241	6	3	3
2240	6	3	3
2239	6	3	3
2238	6	3	3
2237	6	3	3
2236	6	3	3
2235	6	3	3
2234	6	3	3
2233	6	3	3
2232	6	3	3
2231	6	3	3
2230	6	3	3
2229	6	3	3
2228	6	3	3
2227	6	3	3
2226	6	3	3
2225	6	3	3
2224	6	3	3
2223	6	3	3
2222	6	3	3
2221	6	3	3
2220	6	3	3
2219	6	3	3
2218	6	3	3
2217	6	3	3
2216	6	3	3
2215	6	3	3
2214	6	3	3
2213	6	3	3
2212	6	3	3
2211	6	3	3
2210	6	3	3
2209	6	3	3
2208	6	3	3
2207	6	3	3
2206	6	3	3
2205	6	3	3
2204	6	3	3
2203	6	3	3
2202	6	3	3
2201	6	3	3
2200	6	3	3
2199	6	3	3
2198	6	3	3
2197	6	3	3
2196	6	3	3
2195	6	3	3
2194	6	3	3
2193	6	3	3
2192	6	3	3
2191	6	3	3
2190	6	3	3
2189	6	3	3
2188	6	3	3
2187	6	3	3
2186	6	3	3
2185	6	3	3
2184	6	3	3
2183	6	3	3
2182	6	3	3
2181	6	3	3
2180	5	3	3
2179	5	3	3
2178	5	3	3
2177	5	3	3
2176	5	3	3
2175	5	3	3
2174	5	3	3
2173	5	3	3
2172	5	3	3
2171	5	3	3
2170	5	3	3
2169	5	3	3
2168	5	3	3
2167	5	3	3
2166	5	3	3
2165	5	3	3
2164	5	2	3
2163	5	2	3
2162	5	2	3
2161	5	2	3
2160	5	2	3
2159	5	2	3
2158	5	2	3
2157	5	2	3
2156	5	2	3
2155	5	2	3
2154	5	2	3
2153	5	2	3
2152	5	2	3
2151	5	2	3
2150	5	2	3
2149	5	2	3
2148	5	2	3
2147	5	2	3
2146	5	2	3
2145	5	2	3
2144	5	2	3
2143	5	2	3
2142	5	2	3
2141	5	2	3
2140	5	2	3
2139	5	2	3
2138	5	2	3
2137	5	2	3
2136	5	2	3
2135	5	2	3
2134	5	2	3
2133	5	2	3
2132	5	2	3
2131	5	2	3
2130	5	2	3
2129	5	2	3
2128	5	2	3
2127	5	2	3
2126	5	2	3
2125	5	2	3
2124	5	2	3
2123	5	2	3
2122	5	2	3
2121	5	2	3
2120	5	2	3
2119	5	2	3
2118	5	2	3
2117	5	2	3
2116	5	2	3
2115	5	2	3
2114	5	2	3
2113	5	2	3
2112	5	2	3
2111	5	2	3
2110	5	2	3
2109	5	2	3
2108	5	2	3
2107	5	2	3
2106	5	2	3
2105	5	2	3
2104	5	2	3
2103	5	2	3
2102	5	2	3
2101	5	2	3
2100	5	2	3
2099	5	2	3
2098	5	2	3
2097	5	2	3
2096	5	2	3
2095	5	2	3
2094	5	2	3
2093	5	2	3
2092	5	2	3
2091	5	2	3
2090	5	2	3
2089	5	2	3
2088	5	2	3
2087	5	2	3
2086	5	2	3
2085	5	2	3
2084	5	2	3
2083	5	2	3
2082	5	2	3
2081	5	2	3
2080	5	2	3
2079	5	2	3
2078	5	2	3
2077	5	2	3
2076	5	2	3
2075	5	2	3
2074	5	2	3
2073	5	2	3
2072	5	2	3
2071	5	2	3
2070	5	2	3
2069	5	2	3
2068	5	2	3
2067	5	2	3
2066	5	2	3
2065	5	2	3
2064	5	2	3
2063	5	2	3
2062	5	2	3
2061	5	2	3
2060	5	2	3
2059	5	2	3
2058	5	2	3
2057	5	2	3
2056	5	2	3
2055	5	2	3
2054	5	2	2
2053	5	2	2
2052	5	2	2
2051	5	2	2
2050	5	2	2
2049	5	2	2
2048	5	2	2
2047	5	2	2
2046	5	2	2
2045	5	2	2
2044	5	2	2
2043	5	2	2
2042	5	2	2
2041	5	2	2
2040	5	2	2
2039	5	2	2
2038	5	2	2
2037	5	2	2
2036	5	2	2
2035	5	2	2
2034	5	2	2
2033	5	2	2
2032	5	2	2
2031	5	2	2
2030	5	2	2
2029	5	2	2
2028	5	2	2
2027	5	2	2
2026	5	2	2
2025	5	2	2
2024	5	2	2
2023	5	2	2
2022	5	2	2
2021	5	2	2
2020	5	2	2
2019	5	2	2
2018	5	2	2
2017	5	2	2
2016	5	2	2
2015	5	2	2
2014	5	2	2
2013	5	2	2
2012	5	2	2
2011	5	2	2
2010	5	2	2
2009	5	2	2
2008	5	2	2
2007	5	2	2
2006	5	2	2
2005	5	2	2
2004	5	2	2
2003	5	2	2
2002	5	2	2
2001	5	2	2
2000	5	2	2
1999	5	2	2
1998	5	2	2
1997	5	2	2
1996	5	2	2
1995	5	2	2
1994	5	2	2
1993	5	2	2
1992	5	2	2
1991	5	2	2
1990	5	2	2
1989	5	2	2
1988	5	2	2
1987	5	2	2
1986	5	2	2
1985	5	2	2
1984	5	2	2
1983	5	2	2
1982	5	2	2
1981	5	2	2
1980	5	2	2
1979	5	2	2
1978	5	2	2
1977	5	2	2
1976	5	2	2
1975	5	2	2
1974	5	2	2
1973	5	2	2
1972	5	2	2
1971	5	2	2
1970	5	2	2
1969	5	2	2
1968	5	2	2
1967	5	2	2
1966	5	2	2
1965	5	2	2
1964	5	2	2
1963	5	2	2
1962	5	2	2
1961	5	2	2
1960	5	2	2
1959	5	2	2
1958	5	2	2
1957	5	2	2
1956	5	2	2
1955	5	2	2
1954	5	2	2
1953	5	2	2
1952	5	2	2
1951	5	2	2
1950	5	2	2
1949	5	2	2
1948	5	2	2
1947	5	2	2
1946	5	2	2
1945	5	2	2
1944	5	2	2
1943	5	2	2
1942	5	2	2
1941	5	2	2
1940	5	2	2
1939	5	2	2
1938	5	2	2
1937	5	2	2
1936	5	2	2
1935	5	2	2
1934	5	2	2
1933	5	2	2
1932	5	2	2
1931	5	2	2
1930	5	2	2
1929	5	2	2
1928	5	2	2
1927	5	2	2
1926	5	2	2
1925	5	2	2
1924	5	2	2
1923	5	2	2
1922	5	2	2
1921	5	2	2
1920	5	2	2
1919	5	2	2
1918	5	2	2
1917	5	2	2
1916	5	2	2
1915	5	2	2
1914	5	2	2
1913	5	2	2
1912	5	2	2
1911	5	2	2
1910	5	2	2
1909	5	2	2
1908	5	2	2
1907	5	2	2
1906	5	2	2
1905	5	2	2
1904	5	2	2
1903	5	2	2
1902	5	2	2
1901	5	2	2
1900	5	2	2
1899	5	2	2
1898	5	2	2
1897	5	2	2
1896	5	2	2
1895	5	2	2
1894	5	2	2
1893	5	2	2
1892	5	2	2
1891	5	2	2
1890	5	2	2
1889	5	2	2
1888	5	2	2
1887	5	2	2
1886	5	2	2
1885	5	2	2
1884	5	2	2
1883	5	2	2
1882	5	2	2
1881	5	2	2
1880	5	2	2
1879	5	2	2
1878	5	2	2
1877	5	2	2
1876	5	2	2
1875	5	2	2
1874	5	2	2
1873	5	2	2
1872	5	2	2
1871	5	2	2
1870	5	2	2
1869	5	2	2
1868	5	2	2
1867	5	2	2
1866	5	2	2
1865	5	2	2
1864	5	2	2
1863	5	2	2
1862	5	2	2
1861	5	2	2
1860	5	2	2
1859	5	2	2
1858	5	2	2
1857	5	2	2
1856	5	2	2
1855	5	2	2
1854	5	2	2
1853	5	2	2
1852	5	2	2
1851	5	2	2
1850	5	2	2
1849	5	2	2
1848	5	2	2
1847	5	2	2
1846	5	2	2
1845	5	2	2
1844	5	2	2
1843	5	2	2
1842	5	2	2
1841	5	2	2
1840	5	2	2
1839	5	2	2
1838	5	2	2
1837	5	2	2
1836	5	2	2
1835	5	2	2
1834	5	2	2
1833	5	2	2
1832	5	2	2
1831	5	2	2
1830	5	2	2
1829	5	2	2
1828	5	2	2
1827	5	2	2
1826	5	2	2
1825	5	2	2
1824	5	2	2
1823	5	2	2
1822	5	2	2
1821	5	2	2
1820	5	2	2
1819	5	2	2
1818	5	2	2
1817	5	2	2
1816	5	2	2
1815	5	2	2
1814	5	2	2
1813	5	2	2
1812	5	2	2
1811	5	2	2
1810	5	2	2
1809	5	2	2
1808	5	2	2
1807	5	2	2
1806	5	2	2
1805	5	2	2
1804	5	2	2
1803	5	2	2
1802	5	2	2
1801	5	2	2
1800	5	2	2
1799	5	2	2
1798	5	2	2
1797	5	2	2
1796	5	2	2
1795	5	2	2
1794	5	2	2
1793	5	2	2
1792	5	2	2
1791	5	2	2
1790	5	2	2
1789	5	2	2
1788	5	2	2
1787	5	2	2
1786	5	2	2
1785	5	2	2
1784	5	2	2
1783	5	2	2
1782	5	2	2
1781	5	2	2
1780	5	2	2
1779	5	2	2
1778	5	2	2
1777	5	2	2
1776	5	2	2
1775	5	2	2
1774	5	2	2
1773	5	2	2
1772	5	2	2
1771	5	2	2
1770	5	2	2
1769	5	2	2
1768	5	2	2
1767	5	2	2
1766	5	2	2
1765	5	2	2
1764	5	2	2
1763	5	2	2
1762	5	2	2
1761	5	2	2
1760	5	2	2
1759	5	2	2
1758	5	2	2
1757	5	2	2
1756	5	2	2
1755	5	2	2
1754	5	2	2
1753	5	2	2
1752	5	2	2
1751	5	2	2
1750	5	2	2
1749	5	2	2
1748	5	2	2
1747	5	2	2
1746	5	2	2
1745	5	2	2
1744	5	2	2
1743	5	2	2
1742	5	2	2
1741	5	2	2
1740	5	2	2
1739	5	2	2
1738	5	2	2
1737	5	2	2
1736	5	2	2
1735	5	2	2
1734	5	2	2
1733	5	2	2
1732	5	2	2
1731	5	2	2
1730	5	2	2
1729	5	2	2
1728	5	2	2
1727	5	2	2
1726	5	2	2
1725	5	2	2
1724	5	2	2
1723	5	2	2
1722	5	2	2
1721	5	2	2
1720	5	2	2
1719	5	2	2
1718	5	2	2
1717	5	2	2
1716	5	2	2
1715	5	2	2
1714	5	2	2
1713	5	2	2
1712	5	2	2
1711	5	2	2
1710	5	2	2
1709	5	2	2
1708	5	2	2
1707	5	2	2
1706	5	2	2
1705	5	2	2
1704	5	2	2
1703	5	2	2
1702	5	2	2
1701	5	2	2
1700	4	2	2
1699	4	2	2
1698	4	2	2
1697	4	2	2
1696	4	2	2
1695	4	2	2
1694	4	2	2
1693	4	2	2
1692	4	2	2
1691	4	2	2
1690	4	2	2
1689	4	2	2
1688	4	2	2
1687	4	2	2
1686	4	2	2
1685	4	2	2
1684	4	2	2
1683	4	2	2
1682	4	2	2
1681	4	2	2
1680	4	2	2
1679	4	2	2
1678	4	2	2
1677	4	2	2
1676	4	2	2
1675	4	2	2
1674	4	2	2
1673	4	2	2
1672	4	2	2
1671	4	2	2
1670	4	2	2
1669	4	2	2
1668	4	2	2
1667	4	2	2
1666	4	2	2
1665	4	2	2
1664	4	2	2
1663	4	2	2
1662	4	2	2
1661	4	2	2
1660	4	2	2
1659	4	2	2
1658	4	2	2
1657	4	2	2
1656	4	2	2
1655	4	2	2
1654	4	2	2
1653	4	2	2
1652	4	2	2
1651	4	2	2
1650	4	2	2
1649	4	2	2
1648	4	2	2
1647	4	2	2
1646	4	2	2
1645	4	2	2
1644	4	2	2
1643	4	2	2
1642	4	2	2
1641	4	2	2
1640	4	2	2
1639	4	2	2
1638	4	2	2
1637	4	2	2
1636	4	2	2
1635	4	2	2
1634	4	2	2
1633	4	2	2
1632	4	2	2
1631	4	2	2
1630	4	2	2
1629	4	2	2
1628	4	2	2
1627	4	2	2
1626	4	2	2
1625	4	2	2
1624	4	2	2
1623	4	2	2
1622	4	2	2
1621	4	2	2
1620	4	2	2
1619	4	2	2
1618	4	2	2
1617	4	2	2
1616	4	2	2
1615	4	2	2
1614	4	2	2
1613	4	2	2
1612	4	2	2
1611	4	2	2
1610	4	2	2
1609	4	2	2
1608	4	2	2
1607	4	2	2
1606	4	2	2
1605	4	2	2
1604	4	2	2
1603	4	2	2
1602	4	2	2
1601	4	2	2
1600	4	2	2
1599	4	2	2
1598	4	2	2
1597	4	2	2
1596	4	2	2
1595	4	2	2
1594	4	2	2
1593	4	2	2
1592	4	2	2
1591	4	2	2
1590	4	2	2
1589	4	2	2
1588	4	2	2
1587	4	2	2
1586	4	2	2
1585	4	2	2
1584	4	2	2
1583	4	2	2
1582	4	2	2
1581	4	2	2
1580	4	2	2
1579	4	2	2
1578	4	2	2
1577	4	2	2
1576	4	2	2
1575	4	2	2
1574	4	2	2
1573	4	2	2
1572	4	2	2
1571	4	2	2
1570	4	2	2
1569	4	2	2
1568	4	2	2
1567	4	2	2
1566	4	2	2
1565	4	2	2
1564	4	2	2
1563	4	2	2
1562	4	2	2
1561	4	2	2
1560	4	2	2
1559	4	2	2
1558	4	2	2
1557	4	2	2
1556	4	2	2
1555	4	2	2
1554	4	2	2
1553	4	2	2
1552	4	2	2
1551	4	2	2
1550	4	2	2
1549	4	2	2
1548	4	2	2
1547	4	2	2
1546	4	2	2
1545	4	2	2
1544	4	2	2
1543	4	2	2
1542	4	2	2
1541	4	2	2
1540	4	2	2
1539	4	2	2
1538	4	2	2
1537	4	2	2
1536	4	2	2
1535	4	2	2
1534	4	2	2
1533	4	2	2
1532	4	2	2
1531	4	2	2
1530	4	2	2
1529	4	2	2
1528	4	2	2
1527	4	2	2
1526	4	2	2
1525	4	2	2
1524	4	2	2
1523	4	2	2
1522	4	2	2
1521	4	2	2
1520	4	2	2
1519	4	2	2
1518	4	2	2
1517	4	2	2
1516	4	2	2
1515	4	2	2
1514	4	2	2
1513	4	2	2
1512	4	2	2
1511	4	2	2
1510	4	2	2
1509	4	2	2
1508	4	2	2
1507	4	2	2
1506	4	2	2
1505	4	2	2
1504	4	2	2
1503	4	2	2
1502	4	2	2
1501	4	2	2
1500	4	2	2
1499	4	2	2
1498	4	2	2
1497	4	2	2
1496	4	2	2
1495	4	2	2
1494	4	2	2
1493	4	2	2
1492	4	2	2
1491	4	2	2
1490	4	2	2
1489	4	2	2
1488	4	2	2
1487	4	2	2
1486	4	2	2
1485	4	2	2
1484	4	2	2
1483	4	2	2
1482	4	2	2
1481	4	2	2
1480	4	2	2
1479	4	2	2
1478	4	2	2
1477	4	2	2
1476	4	2	2
1475	4	2	2
1474	4	2	2
1473	4	2	2
1472	4	2	2
1471	4	2	2
1470	4	2	2
1469	4	2	2
1468	4	2	2
1467	4	2	2
1466	4	2	2
1465	4	2	2
1464	4	2	2
1463	4	2	2
1462	4	2	2
1461	4	2	2
1460	4	2	2
1459	4	2	2
1458	4	2	2
1457	4	2	2
1456	4	2	2
1455	4	2	2
1454	4	2	2
1453	4	2	2
1452	4	2	2
1451	4	2	2
1450	4	2	2
1449	4	2	2
1448	4	2	2
1447	4	2	2
1446	4	2	2
1445	4	2	2
1444	4	2	2
1443	4	2	2
1442	4	2	2
1441	4	2	2
1440	4	2	2
1439	4	2	2
1438	4	2	2
1437	4	2	2
1436	4	2	2
1435	4	2	2
1434	4	2	2
1433	4	2	2
1432	4	2	2
1431	4	2	2
1430	4	2	2
1429	4	2	2
1428	4	2	2
1427	4	2	2
1426	4	2	2
1425	4	2	2
1424	4	2	2
1423	4	2	2
1422	4	2	2
1421	4	2	2
1420	4	2	2
1419	4	2	2
1418	4	2	2
1417	4	2	2
1416	4	2	2
1415	4	2	2
1414	4	2	2
1413	4	2	2
1412	4	2	2
1411	4	2	2
1410	4	2	2
1409	4	2	2
1408	4	2	2
1407	4	2	2
1406	4	2	2
1405	4	2	2
1404	4	2	2
1403	4	2	2
1402	4	2	2
1401	4	2	2
1400	4	2	2
1399	4	2	2
1398	4	2	2
1397	4	2	2
1396	4	2	2
1395	4	2	2
1394	4	2	2
1393	4	2	2
1392	4	2	2
1391	4	2	2
1390	4	2	2
1389	4	2	2
1388	4	2	2
1387	4	2	2
1386	4	2	2
1385	4	2	2
1384	4	2	2
1383	4	2	2
1382	4	2	2
1381	4	2	2
1380	4	2	2
1379	4	2	2
1378	4	2	2
1377	4	2	2
1376	4	2	2
1375	4	2	2
1374	4	2	2
1373	4	2	2
1372	4	2	2
1371	4	2	2
1370	4	2	2
1369	4	2	2
1368	4	2	2
1367	4	2	2
1366	4	2	2
1365	4	2	2
1364	4	2	2
1363	4	2	2
1362	4	2	2
1361	4	2	2
1360	4	2	2
1359	4	2	2
1358	4	2	2
1357	4	2	2
1356	4	2	2
1355	4	2	2
1354	4	2	2
1353	4	2	2
1352	4	2	2
1351	4	2	2
1350	4	2	2
1349	4	2	2
1348	4	2	2
1347	4	2	2
1346	4	2	2
1345	4	2	2
1344	4	2	2
1343	4	2	2
1342	4	2	2
1341	4	2	2
1340	4	2	2
1339	4	2	2
1338	4	2	2
1337	4	2	2
1336	4	2	2
1335	4	2	2
1334	4	2	2
1333	4	2	2
1332	4	2	2
1331	4	2	2
1330	4	2	2
1329	4	2	2
1328	4	2	2
1327	4	2	2
1326	4	2	2
1325	4	2	2
1324	4	2	2
1323	4	2	2
1322	4	2	2
1321	4	2	2
1320	4	2	2
1319	4	2	2
1318	4	2	2
1317	4	2	2
1316	4	2	2
1315	4	2	2
1314	4	2	2
1313	4	2	2
1312	4	2	2
1311	4	2	2
1310	4	2	2
1309	4	2	2
1308	4	2	2
1307	4	2	2
1306	4	2	2
1305	4	2	2
1304	4	2	2
1303	4	2	2
1302	4	2	2
1301	4	2	2
1300	4	2	2
1299	4	2	2
1298	4	2	2
1297	4	2	2
1296	4	2	2
1295	4	2	2
1294	4	2	2
1293	4	2	2
1292	4	2	2
1291	4	2	2
1290	4	2	2
1289	4	2	2
1288	4	2	2
1287	4	1	2
1286	4	1	2
1285	4	1	2
1284	4	1	2
1283	4	1	2
1282	4	1	2
1281	4	1	2
1280	4	1	2
1279	4	1	2
1278	4	1	2
1277	4	1	2
1276	4	1	2
1275	4	1	2
1274	4	1	2
1273	4	1	2
1272	4	1	2
1271	4	1	2
1270	4	1	2
1269	4	1	2
1268	4	1	2
1267	4	1	2
1266	4	1	2
1265	4	1	2
1264	4	1	2
1263	4	1	2
1262	4	1	2
1261	4	1	2
1260	4	1	2
1259	4	1	2
1258	4	1	2
1257	4	1	2
1256	4	1	2
1255	4	1	2
1254	4	1	2
1253	4	1	2
1252	4	1	2
1251	4	1	2
1250	4	1	2
1249	4	1	2
1248	4	1	2
1247	4	1	2
1246	4	1	2
1245	4	1	2
1244	4	1	2
1243	4	1	2
1242	4	1	2
1241	4	1	2
1240	4	1	2
1239	4	1	2
1238	4	1	2
1237	4	1	2
1236	4	1	2
1235	4	1	2
1234	4	1	2
1233	4	1	2
1232	4	1	2
1231	4	1	2
1230	4	1	2
1229	4	1	2
1228	4	1	2
1227	4	1	2
1226	4	1	2
1225	4	1	2
1224	4	1	2
1223	4	1	2
1222	4	1	2
1221	4	1	2
1220	4	1	2
1219	4	1	2
1218	4	1	2
1217	4	1	2
1216	4	1	2
1215	4	1	2
1214	4	1	2
1213	4	1	2
1212	4	1	2
1211	4	1	2
1210	4	1	2
1209	4	1	2
1208	4	1	2
1207	4	1	2
1206	4	1	2
1205	4	1	2
1204	4	1	2
1203	4	1	2
1202	4	1	2
1201	4	1	2
1200	4	1	2
1199	4	1	2
1198	4	1	2
1197	4	1	2
1196	4	1	2
1195	4	1	2
1194	4	1	2
1193	4	1	2
1192	4	1	2
1191	4	1	2
1190	4	1	2
1189	4	1	2
1188	4	1	2
1187	4	1	2
1186	4	1	2
1185	4	1	2
1184	4	1	2
1183	4	1	2
1182	4	1	2
1181	4	1	2
1180	4	1	2
1179	4	1	2
1178	4	1	2
1177	4	1	2
1176	4	1	2
1175	4	1	2
1174	4	1	2
1173	4	1	2
1172	4	1	2
1171	4	1	2
1170	4	1	2
1169	4	1	2
1168	4	1	2
1167	4	1	2
1166	4	1	2
1165	4	1	2
1164	4	1	2
1163	4	1	2
1162	4	1	1
1161	4	1	1
1160	4	1	1
1159	4	1	1
1158	4	1	1
1157	4	1	1
1156	4	1	1
1155	4	1	1
1154	4	1	1
1153	4	1	1
1152	4	1	1
1151	4	1	1
1150	4	1	1
1149	4	1	1
1148	4	1	1
1147	4	1	1
1146	4	1	1
1145	4	1	1
1144	4	1	1
1143	4	1	1
1142	4	1	1
1141	4	1	1
1140	3	1	1
1139	3	1	1
1138	3	1	1
1137	3	1	1
1136	3	1	1
1135	3	1	1
1134	3	1	1
1133	3	1	1
1132	3	1	1
1131	3	1	1
1130	3	1	1
1129	3	1	1
1128	3	1	1
1127	3	1	1
1126	3	1	1
1125	3	1	1
1124	3	1	1
1123	3	1	1
1122	3	1	1
1121	3	1	1
1120	3	1	1
1119	3	1	1
1118	3	1	1
1117	3	1	1
1116	3	1	1
1115	3	1	1
1114	3	1	1
1113	3	1	1
1112	3	1	1
1111	3	1	1
1110	3	1	1
1109	3	1	1
1108	3	1	1
1107	3	1	1
1106	3	1	1
1105	3	1	1
1104	3	1	1
1103	3	1	1
1102	3	1	1
1101	3	1	1
1100	3	1	1
1099	3	1	1
1098	3	1	1
1097	3	1	1
1096	3	1	1
1095	3	1	1
1094	3	1	1
1093	3	1	1
1092	3	1	1
1091	3	1	1
1090	3	1	1
1089	3	1	1
1088	3	1	1
1087	3	1	1
1086	3	1	1
1085	3	1	1
1084	3	1	1
1083	3	1	1
1082	3	1	1
1081	3	1	1
1080	3	1	1
1079	3	1	1
1078	3	1	1
1077	3	1	1
1076	3	1	1
1075	3	1	1
1074	3	1	1
1073	3	1	1
1072	3	1	1
1071	3	1	1
1070	3	1	1
1069	3	1	1
1068	3	1	1
1067	3	1	1
1066	3	1	1
1065	3	1	1
1064	3	1	1
1063	3	1	1
1062	3	1	1
1061	3	1	1
1060	3	1	1
1059	3	1	1
1058	3	1	1
1057	3	1	1
1056	3	1	1
1055	3	1	1
1054	3	1	1
1053	3	1	1
1052	3	1	1
1051	3	1	1
1050	3	1	1
1049	3	1	1
1048	3	1	1
1047	3	1	1
1046	3	1	1
1045	3	1	1
1044	3	1	1
1043	3	1	1
1042	3	1	1
1041	3	1	1
1040	3	1	1
1039	3	1	1
1038	3	1	1
1037	3	1	1
1036	3	1	1
1035	3	1	1
1034	3	1	1
1033	3	1	1
1032	3	1	1
1031	3	1	1
1030	3	1	1
1029	3	1	1
1028	3	1	1
1027	3	1	1
1026	3	1	1
1025	3	1	1
1024	3	1	1
1023	3	1	1
1022	3	1	1
1021	3	1	1
1020	3	1	1
1019	3	1	1
1018	3	1	1
1017	3	1	1
1016	3	1	1
1015	3	1	1
1014	3	1	1
1013	3	1	1
1012	3	1	1
1011	3	1	1
1010	3	1	1
1009	3	1	1
1008	3	1	1
1007	3	1	1
1006	3	1	1
1005	3	1	1
1004	3	1	1
1003	3	1	1
1002	3	1	1
1001	3	1	1
1000	3	1	1
999	3	1	1
998	3	1	1
997	3	1	1
996	3	1	1
995	3	1	1
994	3	1	1
993	3	1	1
992	3	1	1
991	3	1	1
990	3	1	1
989	3	1	1
988	3	1	1
987	3	1	1
986	3	1	1
985	3	1	1
984	3	1	1
983	3	1	1
982	3	1	1
981	3	1	1
980	3	1	1
979	3	1	1
978	3	1	1
977	3	1	1
976	3	1	1
975	3	1	1
974	3	1	1
973	3	1	1
972	3	1	1
971	3	1	1
970	3	1	1
969	3	1	1
968	3	1	1
967	3	1	1
966	3	1	1
965	3	1	1
964	3	1	1
963	3	1	1
962	3	1	1
961	3	1	1
960	3	1	1
959	3	1	1
958	3	1	1
957	3	1	1
956	3	1	1
955	3	1	1
954	3	1	1
953	3	1	1
952	3	1	1
951	3	1	1
950	3	1	1
949	3	1	1
948	3	1	1
947	3	1	1
946	3	1	1
945	3	1	1
944	3	1	1
943	3	1	1
942	3	1	1
941	3	1	1
940	3	1	1
939	3	1	1
938	3	1	1
937	3	1	1
936	3	1	1
935	3	1	1
934	3	1	1
933	3	1	1
932	3	1	1
931	3	1	1
930	3	1	1
929	3	1	1
928	3	1	1
927	3	1	1
926	3	1	1
925	3	1	1
924	3	1	1
923	3	1	1
922	3	1	1
921	3	1	1
920	3	1	1
919	3	1	1
918	3	1	1
917	3	1	1
916	3	1	1
915	3	1	1
914	3	1	1
913	3	1	1
912	3	1	1
911	3	1	1
910	3	1	1
909	3	1	1
908	3	1	1
907	3	1	1
906	3	1	1
905	3	1	1
904	3	1	1
903	3	1	1
902	3	1	1
901	3	1	1
900	3	1	1
899	3	1	1
898	3	1	1
897	3	1	1
896	3	1	1
895	3	1	1
894	3	1	1
893	3	1	1
892	3	1	1
891	3	1	1
890	3	1	1
889	3	1	1
888	3	1	1
887	3	1	1
886	3	1	1
885	3	1	1
884	3	1	1
883	3	1	1
882	3	1	1
881	3	1	1
880	3	1	1
879	3	1	1
878	3	1	1
877	3	1	1
876	3	1	1
875	3	1	1
874	3	1	1
873	3	1	1
872	3	1	1
871	3	1	1
870	3	1	1
869	3	1	1
868	3	1	1
867	3	1	1
866	3	1	1
865	3	1	1
864	3	1	1
863	3	1	1
862	3	1	1
861	3	1	1
860	3	1	1
859	3	1	1
858	3	1	1
857	3	1	1
856	3	1	1
855	3	1	1
854	3	1	1
853	3	1	1
852	3	1	1
851	3	1	1
850	3	1	1
849	3	1	1
848	3	1	1
847	3	1	1
846	3	1	1
845	3	1	1
844	3	1	1
843	3	1	1
842	3	1	1
841	3	1	1
840	3	1	1
839	3	1	1
838	3	1	1
837	3	1	1
836	3	1	1
835	3	1	1
834	3	1	1
833	3	1	1
832	3	1	1
831	3	1	1
830	3	1	1
829	3	1	1
828	3	1	1
827	3	1	1
826	3	1	1
825	3	1	1
824	3	1	1
823	3	1	1
822	3	1	1
821	3	1	1
820	3	1	1
819	3	1	1
818	3	1	1
817	3	1	1
816	3	1	1
815	3	1	1
814	3	1	1
813	3	1	1
812	3	1	1
811	3	1	1
810	3	1	1
809	3	1	1
808	3	1	1
807	3	1	1
806	3	1	1
805	3	1	1
804	3	1	1
803	3	1	1
802	3	1	1
801	3	1	1
800	3	1	1
799	3	1	1
798	3	1	1
797	3	1	1
796	3	1	1
795	3	1	1
794	3	1	1
793	3	1	1
792	3	1	1
791	3	1	1
790	3	1	1
789	3	1	1
788	3	1	1
787	3	1	1
786	3	1	1
785	3	1	1
784	3	1	1
783	3	1	1
782	3	1	1
781	3	1	1
780	3	1	1
779	3	1	1
778	3	1	1
777	3	1	1
776	3	1	1
775	3	1	1
774	3	1	1
773	3	1	1
772	3	1	1
771	3	1	1
770	3	1	1
769	3	1	1
768	3	1	1
767	3	1	1
766	3	1	1
765	3	1	1
764	3	1	1
763	3	1	1
762	3	1	1
761	3	1	1
760	3	1	1
759	3	1	1
758	3	1	1
757	3	1	1
756	3	1	1
755	3	1	1
754	3	1	1
753	3	1	1
752	3	1	1
751	3	1	1
750	3	1	1
749	3	1	1
748	3	1	1
747	3	1	1
746	3	1	1
745	3	1	1
744	3	1	1
743	3	1	1
742	3	1	1
741	3	1	1
740	3	1	1
739	3	1	1
738	3	1	1
737	3	1	1
736	3	1	1
735	3	1	1
734	3	1	1
733	3	1	1
732	3	1	1
731	3	1	1
730	3	1	1
729	3	1	1
728	3	1	1
727	3	1	1
726	3	1	1
725	3	1	1
724	3	1	1
723	3	1	1
722	3	1	1
721	3	1	1
720	3	1	1
719	3	1	1
718	3	1	1
717	3	1	1
716	3	1	1
715	3	1	1
714	3	1	1
713	3	1	1
712	3	1	1
711	3	1	1
710	3	1	1
709	3	1	1
708	3	1	1
707	3	1	1
706	3	1	1
705	3	1	1
704	3	1	1
703	3	1	1
702	3	1	1
701	3	1	1
700	3	1	1
699	3	1	1
698	3	1	1
697	3	1	1
696	3	1	1
695	3	1	1
694	3	1	1
693	3	1	1
692	3	1	1
691	3	1	1
690	3	1	1
689	3	1	1
688	3	1	1
687	3	1	1
686	3	1	1
685	3	1	1
684	3	1	1
683	3	1	1
682	3	1	1
681	3	1	1
680	3	1	1
679	3	1	1
678	3	1	1
677	3	1	1
676	3	1	1
675	3	1	1
674	3	1	1
673	3	1	1
672	3	1	1
671	3	1	1
670	3	1	1
669	3	1	1
668	3	1	1
667	3	1	1
666	3	1	1
665	3	1	1
664	3	1	1
663	3	1	1
662	3	1	1
661	3	1	1
660	3	1	1
659	3	1	1
658	3	1	1
657	3	1	1
656	3	1	1
655	3	1	1
654	3	1	1
653	3	1	1
652	3	1	1
651	3	1	1
650	3	1	1
649	3	1	1
648	3	1	1
647	3	1	1
646	3	1	1
645	3	1	1
644	3	1	1
643	3	1	1
642	3	1	1
641	3	1	1
640	3	1	1
639	3	1	1
638	3	1	1
637	3	1	1
636	3	1	1
635	3	1	1
634	3	1	1
633	3	1	1
632	3	1	1
631	3	1	1
630	3	1	1
629	3	1	1
628	3	1	1
627	3	1	1
626	3	1	1
625	3	1	1
624	3	1	1
623	3	1	1
622	3	1	1
621	3	1	1
620	3	1	1
619	3	1	1
618	3	1	1
617	3	1	1
616	3	1	1
615	3	1	1
614	3	1	1
613	3	1	1
612	3	1	1
611	3	1	1
610	3	1	1
609	3	1	1
608	3	1	1
607	3	1	1
606	3	1	1
605	3	1	1
604	3	1	1
603	3	1	1
602	2	1	1
601	2	1	1
600	2	1	1
599	2	1	1
598	2	1	1
597	2	1	1
596	2	1	1
595	2	1	1
594	2	1	1
593	2	1	1
592	2	1	1
591	2	1	1
590	2	1	1
589	2	1	1
588	2	1	1
587	2	1	1
586	2	1	1
585	2	1	1
584	2	1	1
583	2	1	1
582	2	1	1
581	2	1	1
580	2	1	1
579	2	1	1
578	2	1	1
577	2	1	1
576	2	1	1
575	2	1	1
574	2	1	1
573	2	1	1
572	2	1	1
571	2	1	1
570	2	1	1
569	2	1	1
568	2	1	1
567	2	1	1
566	2	1	1
565	2	1	1
564	2	1	1
563	2	1	1
562	2	1	1
561	2	1	1
560	2	1	1
559	2	1	1
558	2	1	1
557	2	1	1
556	2	1	1
555	2	1	1
554	2	1	1
553	2	1	1
552	2	1	1
551	2	1	1
550	2	1	1
549	2	1	1
548	2	1	1
547	2	1	1
546	2	1	1
545	2	1	1
544	2	1	1
543	2	1	1
542	2	1	1
541	2	1	1
540	2	1	1
539	2	1	1
538	2	1	1
537	2	1	1
536	2	1	1
535	2	1	1
534	2	1	1
533	2	1	1
532	2	1	1
531	2	1	1
530	2	1	1
529	2	1	1
528	2	1	1
527	2	1	1
526	2	1	1
525	2	1	1
524	2	1	1
523	2	1	1
522	2	1	1
521	2	1	1
520	2	1	1
519	2	1	1
518	2	1	1
517	2	1	1
516	2	1	1
515	2	1	1
514	2	1	1
513	2	1	1
512	2	1	1
511	2	1	1
510	2	1	1
509	2	1	1
508	2	1	1
507	2	1	1
506	2	1	1
505	2	1	1
504	2	1	1
503	2	1	1
502	2	1	1
501	2	1	1
500	2	1	1
499	2	1	1
498	2	1	1
497	2	1	1
496	2	1	1
495	2	1	1
494	2	1	1
493	2	1	1
492	2	1	1
491	2	1	1
490	2	1	1
489	2	1	1
488	2	1	1
487	2	1	1
486	2	1	1
485	2	1	1
484	2	1	1
483	2	1	1
482	2	1	1
481	2	1	1
480	2	1	1
479	2	1	1
478	2	1	1
477	2	1	1
476	2	1	1
475	2	1	1
474	2	1	1
473	2	1	1
472	2	1	1
471	2	1	1
470	2	1	1
469	2	1	1
468	2	1	1
467	2	1	1
466	2	1	1
465	2	1	1
464	2	1	1
463	2	1	1
462	2	1	1
461	2	1	1
460	2	1	1
459	2	1	1
458	2	1	1
457	2	1	1
456	2	1	1
455	2	1	1
454	2	1	1
453	2	1	1
452	2	1	1
451	2	1	1
450	2	1	1
449	2	1	1
448	2	1	1
447	2	1	1
446	2	1	1
445	2	1	1
444	2	1	1
443	2	1	1
442	2	1	1
441	2	1	1
440	2	1	1
439	2	1	1
438	2	1	1
437	2	1	1
436	2	1	1
435	2	1	1
434	2	1	1
433	2	1	1
432	2	1	1
431	2	1	1
430	2	1	1
429	2	1	1
428	2	1	1
427	2	1	1
426	2	1	1
425	2	1	1
424	2	0	1
423	2	0	1
422	2	0	1
421	2	0	1
420	2	0	1
419	2	0	1
418	2	0	1
417	2	0	1
416	2	0	1
415	2	0	1
414	2	0	1
413	2	0	1
412	2	0	1
411	2	0	1
410	2	0	1
409	2	0	1
408	2	0	1
407	2	0	1
406	2	0	1
405	2	0	1
404	2	0	1
403	2	0	1
402	2	0	1
401	2	0	1
400	2	0	1
399	2	0	1
398	2	0	1
397	2	0	1
396	2	0	1
395	2	0	1
394	2	0	1
393	2	0	1
392	2	0	1
391	2	0	1
390	2	0	1
389	2	0	1
388	2	0	1
387	2	0	1
386	2	0	1
385	2	0	1
384	2	0	1
383	2	0	1
382	2	0	1
381	2	0	1
380	2	0	1
379	2	0	1
378	2	0	1
377	2	0	1
376	2	0	0
375	2	0	0
374	2	0	0
373	2	0	0
372	2	0	0
371	2	0	0
370	2	0	0
369	2	0	0
368	2	0	0
367	2	0	0
366	2	0	0
365	2	0	0
364	2	0	0
363	2	0	0
362	2	0	0
361	2	0	0
360	2	0	0
359	2	0	0
358	2	0	0
357	2	0	0
356	2	0	0
355	2	0	0
354	2	0	0
353	2	0	0
352	2	0	0
351	2	0	0
350	2	0	0
349	2	0	0
348	2	0	0
347	2	0	0
346	2	0	0
345	2	0	0
344	2	0	0
343	2	0	0
342	2	0	0
341	2	0	0
340	2	0	0
339	2	0	0
338	2	0	0
337	2	0	0
336	2	0	0
335	2	0	0
334	2	0	0
333	2	0	0
332	2	0	0
331	2	0	0
330	2	0	0
329	2	0	0
328	2	0	0
327	2	0	0
326	2	0	0
325	2	0	0
324	2	0	0
323	2	0	0
322	2	0	0
321	2	0	0
320	2	0	0
319	2	0	0
318	2	0	0
317	2	0	0
316	2	0	0
315	2	0	0
314	2	0	0
313	2	0	0
312	2	0	0
311	2	0	0
310	2	0	0
309	2	0	0
308	2	0	0
307	2	0	0
306	2	0	0
305	2	0	0
304	2	0	0
303	2	0	0
302	2	0	0
301	2	0	0
300	2	0	0
299	2	0	0
298	2	0	0
297	2	0	0
296	2	0	0
295	2	0	0
294	2	0	0
293	2	0	0
292	2	0	0
291	2	0	0
290	2	0	0
289	2	0	0
288	2	0	0
287	2	0	0
286	2	0	0
285	2	0	0
284	2	0	0
283	2	0	0
282	2	0	0
281	2	0	0
280	2	0	0
279	2	0	0
278	2	0	0
277	2	0	0
276	2	0	0
275	2	0	0
274	2	0	0
273	2	0	0
272	2	0	0
271	2	0	0
270	2	0	0
269	2	0	0
268	2	0	0
267	2	0	0
266	2	0	0
265	2	0	0
264	2	0	0
263	2	0	0
262	2	0	0
261	2	0	0
260	2	0	0
259	2	0	0
258	2	0	0
257	2	0	0
256	2	0	0
255	2	0	0
254	2	0	0
253	2	0	0
252	2	0	0
251	2	0	0
250	2	0	0
249	2	0	0
248	2	0	0
247	2	0	0
246	2	0	0
245	2	0	0
244	2	0	0
243	2	0	0
242	2	0	0
241	2	0	0
240	2	0	0
239	2	0	0
238	2	0	0
237	2	0	0
236	2	0	0
235	2	0	0
234	2	0	0
233	2	0	0
232	2	0	0
231	2	0	0
230	2	0	0
229	2	0	0
228	2	0	0
227	2	0	0
226	2	0	0
225	2	0	0
224	2	0	0
223	2	0	0
222	2	0	0
221	2	0	0
220	1	0	0
219	1	0	0
218	1	0	0
217	1	0	0
216	1	0	0
215	1	0	0
214	1	0	0
213	1	0	0
212	1	0	0
211	1	0	0
210	1	0	0
209	1	0	0
208	1	0	0
207	1	0	0
206	1	0	0
205	1	0	0
204	1	0	0
203	1	0	0
202	1	0	0
201	1	0	0
200	1	0	0
199	1	0	0
198	1	0	0
197	1	0	0
196	1	0	0
195	1	0	0
194	1	0	0
193	1	0	0
192	1	0	0
191	1	0	0
190	1	0	0
189	1	0	0
188	1	0	0
187	1	0	0
186	1	0	0
185	1	0	0
184	1	0	0
183	1	0	0
182	1	0	0
181	1	0	0
180	1	0	0
179	1	0	0
178	1	0	0
177	1	0	0
176	1	0	0
175	1	0	0
174	1	0	0
173	1	0	0
172	1	0	0
171	1	0	0
170	1	0	0
169	1	0	0
168	1	0	0
167	1	0	0
166	1	0	0
165	1	0	0
164	1	0	0
163	1	0	0
162	1	0	0
161	1	0	0
160	1	0	0
159	1	0	0
158	1	0	0
157	1	0	0
156	1	0	0
155	1	0	0
154	1	0	0
153	1	0	0
152	1	0	0
151	1	0	0
150	1	0	0
149	1	0	0
148	1	0	0
147	1	0	0
146	1	0	0
145	1	0	0
144	1	0	0
143	1	0	0
142	1	0	0
141	1	0	0
140	1	0	0
139	1	0	0
138	1	0	0
137	1	0	0
136	1	0	0
135	1	0	0
134	1	0	0
133	1	0	0
132	1	0	0
131	1	0	0
130	1	0	0
129	1	0	0
128	1	0	0
127	1	0	0
126	1	0	0
125	1	0	0
124	1	0	0
123	1	0	0
122	1	0	0
121	1	0	0
120	1	0	0
119	1	0	0
118	1	0	0
117	1	0	0
116	1	0	0
115	1	0	0
114	1	0	0
113	1	0	0
112	1	0	0
111	1	0	0
110	1	0	0
109	1	0	0
108	1	0	0
107	1	0	0
106	1	0	0
105	1	0	0
104	1	0	0
103	1	0	0
102	1	0	0
101	1	0	0
100	1	0	0
99	1	0	0
98	1	0	0
97	1	0	0
96	1	0	0
95	1	0	0
94	1	0	0
93	1	0	0
92	1	0	0
91	1	0	0
90	1	0	0
89	1	0	0
88	1	0	0
87	1	0	0
86	1	0	0
85	1	0	0
84	1	0	0
83	1	0	0
82	1	0	0
81	1	0	0
80	1	0	0
79	1	0	0
78	1	0	0
77	1	0	0
76	1	0	0
75	1	0	0
74	1	0	0
73	1	0	0
72	1	0	0
71	1	0	0
70	1	0	0
69	1	0	0
68	1	0	0
67	1	0	0
66	1	0	0
65	1	0	0
64	1	0	0
63	1	0	0
62	1	0	0
61	1	0	0
60	1	0	0
59	1	0	0
58	1	0	0
57	1	0	0
56	1	0	0
55	1	0	0
54	1	0	0
53	1	0	0
52	1	0	0
51	1	0	0
50	1	0	0
49	1	0	0
48	1	0	0
47	1	0	0
46	1	0	0
45	1	0	0
44	1	0	0
43	1	0	0
42	1	0	0
41	1	0	0
40	1	0	0
39	1	0	0
38	1	0	0
37	0	0	0
36	0	0	0
35	0	0	0
34	0	0	0
33	0	0	0
32	0	0	0
31	0	0	0
30	0	0	0
29	0	0	0
28	0	0	0
27	0	0	0
26	0	0	0
25	0	0	0
24	0	0	0
23	0	0	0
22	0	0	0
21	0	0	0
20	0	0	0
19	0	0	0
18	0	0	0
17	0	0	0
16	0	0	0
15	0	0	0
14	0	0	0
13	0	0	0
12	0	0	0
11	0	0	0
10	0	0	0
9	0	0	0
8	0	0	0
7	0	0	0
6	0	0	0
5	0	0	0
4	0	0	0
3	0	0	0
2	0	0	0
1	0	0	0
