79, 109
49, 88
201, 93
18, 144
197, 40
4, 115
82, 35
77, 138
86, 239
113, 190
80, 237
158, 147
219, 127
59, 36
9, 156
162, 218
217, 8
6, 87
236, 2
80, 67
133, 210
17, 246
205, 37
193, 6
248, 240
157, 103
160, 82
2, 252
91, 209
233, 19
223, 229
213, 61
7, 86
207, 123
20, 222
248, 41
197, 121
199, 232
71, 203
69, 49
136, 18
236, 253
235, 108
129, 137
186, 10
51, 68
20, 186
71, 148
25, 5
5, 157
196, 58
156, 200
112, 183
144, 166
222, 186
238, 183
235, 86
40, 69
245, 22
177, 221
203, 223
28, 154
122, 204
230, 22
211, 1
84, 247
224, 130
158, 139
113, 208
33, 248
205, 83
147, 222
105, 181
10, 172
151, 166
174, 60
139, 7
123, 5
101, 203
80, 172
87, 69
10, 50
218, 208
139, 221
65, 43
28, 102
76, 89
22, 232
259, 97
83, 223
173, 137
34, 75
28, 25
100, 178
7, 170
146, 80
47, 50
209, 46
165, 168
150, 58
124, 199
153, 253
19, 63
59, 242
139, 109
256, 153
101, 204
126, 144
150, 177
170, 257
213, 75
240, 184
6, 30
223, 77
94, 39
75, 54
82, 101
52, 120
69, 26
222, 60
109, 83
224, 39
71, 222
169, 3
222, 200
53, 28
34, 246
31, 214
22, 237
169, 25
190, 44
118, 134
172, 58
145, 118
253, 193
76, 236
72, 124
45, 202
195, 224
200, 121
93, 175
124, 50
120, 65
254, 179
76, 47
258, 162
66, 24
3, 87
88, 242
152, 144
163, 227
219, 173
130, 100
94, 59
117, 34
83, 0
175, 88
136, 144
11, 128
206, 197
137, 126
104, 119
48, 234
197, 175
246, 46
19, 98
179, 197
3, 113
149, 3
144, 72
194, 115
192, 186
76, 160
141, 38
116, 148
36, 187
235, 155
101, 40
8, 14
10, 111
2, 43
113, 255
137, 66
199, 156
53, 67
53, 235
9, 83
59, 131
101, 4
220, 99
190, 177
145, 205
9, 1
195, 169
98, 100
137, 148
134, 151
44, 117
197, 29
80, 136
226, 175
217, 19
145, 130
99, 196
16, 142
106, 10
229, 45
5, 199
1, 6
16, 135
219, 8
20, 258
25, 200
159, 224
8, 145
175, 136
208, 253
204, 153
3, 190
68, 150
19, 27
90, 190
109, 117
54, 113
83, 92
115, 169
0, 90
238, 229
150, 232
1, 128
189, 13
242, 173
128, 16
205, 1
162, 193
86, 91
238, 93
136, 197
149, 206
230, 259
178, 90
250, 39
209, 182
31, 16
35, 52
128, 88
100, 101
67, 184
43, 17
93, 62
174, 238
118, 179
258, 8
180, 206
258, 91
239, 94
222, 223
24, 165
34, 59
68, 104
36, 6
8, 79
14, 129
194, 97
193, 105
203, 123
118, 242
155, 238
251, 235
128, 133
183, 148
106, 43
152, 151
43, 145
50, 12
187, 223
62, 138
183, 3
255, 89
246, 53
189, 170
145, 23
179, 66
95, 165
233, 90
118, 177
220, 116
178, 1
186, 128
11, 233
115, 19
247, 124
195, 124
107, 143
199, 194
102, 220
239, 99
156, 236
39, 140
130, 20
183, 39
225, 250
19, 43
121, 160
186, 113
227, 236
44, 106
58, 237
255, 139
121, 76
24, 116
137, 142
24, 211
108, 205
140, 248
158, 114
208, 67
179, 133
213, 252
104, 116
108, 233
166, 139
179, 153
172, 34
150, 109
229, 145
55, 53
58, 123
111, 20
228, 9
216, 54
204, 107
187, 190
148, 250
32, 150
147, 195
240, 68
90, 198
8, 115
172, 79
117, 76
18, 65
148, 187
230, 120
131, 106
113, 37
217, 108
140, 225
200, 244
37, 66
219, 225
211, 213
24, 104
213, 173
53, 228
173, 72
190, 163
200, 174
73, 124
111, 16
175, 65
23, 12
186, 71
32, 256
236, 180
190, 14
70, 80
143, 47
183, 32
205, 181
82, 24
127, 173
156, 228
127, 147
39, 259
184, 132
250, 158
120, 5
43, 175
58, 121
160, 145
237, 9
196, 52
249, 70
253, 178
218, 158
147, 117
233, 257
177, 111
181, 18
105, 55
4, 2
21, 71
223, 35
84, 237
7, 192
233, 229
10, 149
14, 109
245, 160
131, 52
64, 9
35, 149
232, 53
236, 112
47, 214
259, 161
177, 230
2, 50
173, 0
206, 220
88, 253
175, 129
165, 103
121, 122
66, 59
159, 172
132, 7
173, 227
68, 159
252, 258
104, 121
257, 64
29, 134
46, 245
28, 3
224, 13
66, 235
6, 19
49, 42
40, 25
165, 179
75, 137
52, 141
134, 240
45, 188
89, 239
109, 161
249, 158
13, 33
146, 251
1, 183
244, 216
63, 118
228, 246
87, 230
129, 83
7, 21
107, 180
253, 131
251, 36
115, 158
50, 166
128, 220
3, 8
187, 33
202, 44
89, 205
92, 147
14, 256
160, 228
184, 4
250, 139
141, 31
92, 187
240, 80
44, 89
42, 64
198, 107
116, 11
221, 174
246, 195
249, 34
66, 232
67, 170
13, 196
187, 196
109, 221
72, 245
210, 113
123, 26
151, 128
26, 166
16, 217
148, 198
196, 46
12, 17
40, 201
198, 244
258, 140
122, 245
229, 258
75, 246
170, 98
61, 35
34, 150
177, 6
43, 222
45, 10
100, 219
139, 233
6, 66
1, 88
65, 165
0, 68
95, 101
196, 136
121, 249
225, 93
237, 105
215, 217
181, 118
200, 199
88, 48
12, 213
256, 14
192, 25
156, 157
195, 122
123, 211
52, 224
226, 2
255, 103
153, 207
16, 115
83, 69
35, 198
166, 218
87, 116
142, 35
221, 94
210, 156
5, 218
129, 179
71, 198
2, 249
22, 177
103, 95
104, 142
122, 101
155, 90
26, 82
170, 152
103, 228
144, 244
144, 104
214, 230
133, 231
221, 34
116, 21
162, 58
103, 127
124, 200
99, 146
237, 213
91, 250
60, 55
50, 28
37, 44
87, 217
35, 183
89, 150
27, 236
153, 59
134, 195
97, 194
198, 127
126, 195
129, 11
90, 89
95, 104
25, 155
180, 205
55, 24
68, 75
88, 40
228, 68
30, 10
124, 186
115, 129
140, 75
161, 218
217, 76
59, 207
256, 162
257, 255
168, 87
198, 13
47, 105
60, 24
214, 217
234, 137
75, 94
245, 49
50, 106
67, 189
238, 95
4, 210
216, 53
54, 18
232, 153
182, 256
114, 233
92, 214
13, 209
170, 92
218, 247
237, 84
116, 245
244, 45
105, 239
17, 4
79, 226
39, 32
69, 80
158, 226
142, 45
163, 187
40, 206
242, 71
153, 96
65, 251
46, 240
245, 20
127, 140
131, 162
214, 249
21, 219
46, 156
148, 215
206, 159
33, 82
220, 213
142, 134
157, 7
82, 28
138, 103
18, 95
253, 126
161, 76
239, 82
94, 28
244, 2
227, 100
93, 168
138, 22
223, 16
232, 197
119, 73
39, 141
25, 95
231, 71
52, 255
89, 47
100, 196
188, 98
246, 84
138, 152
199, 219
232, 238
154, 51
58, 199
135, 5
103, 118
96, 87
41, 122
106, 189
218, 258
95, 131
207, 129
166, 138
117, 219
228, 163
5, 170
42, 216
97, 146
90, 100
98, 52
252, 254
166, 7
247, 238
38, 42
168, 192
64, 31
242, 40
98, 92
