96, 129, 98, 37, 13, 173, 177, 147, 53, 24, 25, 156
128, 144, 130, 132, 73, 96, 16, 177, 85, 182, 137, 88
97, 164, 135, 78, 111, 176, 114, 179, 149, 26, 155, 125
161, 74, 133, 10, 107, 109, 51, 52, 181, 20, 90, 26
128, 161, 34, 103, 104, 55, 78, 136, 174, 40, 155, 31
99, 101, 166, 136, 139, 143, 19, 52, 185, 154, 15, 124
131, 39, 139, 18, 46, 16, 114, 85, 182, 153, 60, 62
137, 78, 157, 83, 180, 181, 150, 59, 21, 125, 190, 191
48, 199, 136, 106, 75, 79, 144, 168, 18, 57, 188, 31
96, 129, 182, 104, 171, 146, 176, 81, 50, 150, 119, 58
3, 199, 41, 14, 47, 80, 49, 91, 20, 24, 187, 92
67, 73, 143, 15, 49, 114, 147, 20, 150, 23, 79, 60
161, 162, 163, 164, 169, 81, 82, 116, 87, 58, 29, 95
0, 160, 66, 59, 101, 193, 105, 75, 175, 54, 155, 190
32, 129, 99, 164, 133, 103, 10, 108, 113, 116, 90, 62
64, 192, 5, 38, 11, 84, 122, 119, 58, 59, 92, 186
160, 1, 35, 6, 104, 73, 52, 88, 122, 91, 190, 63
161, 67, 196, 70, 138, 18, 51, 117, 121, 60, 126, 95
96, 194, 6, 113, 8, 137, 17, 147, 181, 40, 155, 124
192, 64, 5, 39, 172, 61, 54, 119, 89, 63, 189, 165
3, 196, 38, 41, 10, 11, 163, 186, 59, 74, 62, 63
96, 65, 33, 193, 73, 170, 7, 176, 145, 115, 156, 190
32, 133, 60, 41, 140, 77, 124, 117, 73, 120, 26, 188
97, 164, 165, 198, 39, 73, 11, 173, 78, 109, 24, 94
0, 34, 72, 105, 10, 173, 40, 178, 149, 23, 26, 94
0, 97, 33, 198, 65, 72, 64, 76, 179, 54, 152, 92
128, 65, 2, 195, 39, 107, 110, 48, 3, 22, 24, 63
98, 99, 37, 49, 42, 140, 125, 152, 50, 179, 184, 61
97, 67, 68, 193, 168, 173, 51, 84, 184, 148, 90, 187
138, 12, 45, 77, 145, 50, 147, 117, 118, 55, 109, 158
101, 71, 139, 172, 111, 80, 83, 180, 53, 90, 175, 94
196, 101, 8, 140, 89, 136, 86, 87, 4, 59, 124, 159
192, 38, 72, 169, 14, 84, 53, 22, 185, 93, 158, 159
97, 66, 68, 106, 107, 46, 82, 148, 21, 151, 25, 122
67, 68, 101, 156, 76, 79, 124, 24, 4, 187, 188, 69
36, 70, 169, 44, 16, 152, 52, 182, 184, 153, 158, 95
97, 35, 198, 169, 140, 45, 110, 145, 183, 123, 189, 95
0, 27, 70, 73, 108, 78, 175, 48, 113, 174, 123, 62
32, 192, 128, 136, 106, 173, 110, 15, 179, 20, 56, 191
147, 6, 199, 74, 23, 61, 19, 52, 183, 100, 90, 26
65, 4, 198, 42, 47, 18, 51, 149, 183, 24, 58, 188
114, 103, 105, 42, 146, 145, 82, 20, 22, 122, 10, 127
160, 130, 99, 164, 40, 41, 107, 52, 182, 121, 27, 61
176, 69, 135, 110, 111, 80, 88, 90, 123, 122, 62, 191
128, 35, 198, 136, 105, 77, 142, 175, 115, 83, 156, 62
64, 163, 36, 166, 136, 82, 52, 184, 116, 186, 29, 63
33, 99, 68, 6, 198, 169, 138, 140, 111, 179, 58, 143
128, 40, 10, 140, 174, 143, 113, 50, 85, 120, 123, 181
67, 37, 8, 55, 108, 117, 182, 119, 120, 26, 54, 95
193, 91, 163, 170, 11, 77, 177, 178, 51, 27, 10, 159
99, 199, 9, 170, 140, 146, 47, 141, 178, 185, 27, 29
3, 179, 17, 40, 138, 75, 49, 147, 121, 122, 155, 28
162, 35, 5, 39, 42, 45, 16, 3, 148, 154, 124, 157
0, 32, 131, 166, 102, 145, 179, 30, 59, 101, 126, 127
134, 136, 140, 13, 48, 145, 19, 118, 25, 57, 124, 125
112, 4, 167, 73, 171, 172, 48, 150, 105, 58, 29, 126
192, 128, 162, 100, 69, 38, 199, 104, 74, 139, 182, 60
192, 166, 8, 169, 181, 54, 183, 152, 186, 92, 158, 117
71, 40, 9, 46, 12, 78, 15, 167, 174, 55, 125, 181
162, 67, 7, 13, 15, 147, 20, 53, 118, 111, 61, 31
194, 75, 132, 6, 81, 177, 11, 17, 180, 149, 22, 56
97, 27, 196, 39, 73, 42, 110, 81, 19, 88, 59, 124
68, 37, 6, 43, 44, 14, 112, 84, 153, 125, 20, 166
194, 195, 196, 165, 198, 45, 16, 177, 19, 20, 26, 157
19, 130, 72, 139, 45, 15, 147, 87, 88, 25, 175, 191
96, 91, 101, 40, 178, 111, 26, 21, 25, 122, 123, 154
160, 33, 164, 135, 139, 13, 175, 178, 180, 119, 148, 95
34, 171, 11, 173, 48, 17, 83, 87, 185, 122, 59, 28
33, 34, 199, 28, 108, 46, 181, 150, 185, 121, 156, 62
193, 34, 139, 71, 43, 76, 194, 93, 56, 186, 92, 157
162, 35, 197, 74, 112, 17, 118, 87, 90, 125, 126, 37
69, 103, 139, 77, 174, 79, 177, 178, 179, 89, 58, 30
64, 161, 164, 165, 32, 77, 144, 84, 85, 24, 25, 122
1, 37, 11, 16, 21, 22, 55, 23, 121, 156, 61, 190
3, 196, 70, 39, 137, 107, 172, 76, 84, 56, 20, 126
135, 8, 169, 106, 199, 173, 13, 51, 86, 154, 155, 60
160, 161, 34, 99, 69, 102, 199, 74, 143, 83, 25, 179
165, 71, 72, 107, 44, 78, 49, 83, 22, 151, 29, 159
98, 4, 37, 7, 2, 77, 175, 179, 117, 23, 58, 189
193, 34, 195, 100, 71, 8, 11, 176, 115, 83, 183, 120
101, 10, 43, 108, 109, 142, 143, 146, 83, 180, 138, 30
194, 102, 188, 170, 12, 172, 106, 150, 9, 154, 60, 61
192, 33, 197, 166, 135, 41, 140, 45, 12, 149, 151, 126
193, 194, 67, 7, 44, 76, 77, 79, 80, 151, 30, 127
32, 130, 133, 72, 74, 194, 15, 176, 116, 148, 28, 62
193, 100, 6, 167, 72, 47, 178, 1, 121, 153, 155, 158
160, 130, 164, 166, 199, 168, 75, 136, 115, 116, 31, 127
64, 193, 67, 164, 133, 70, 137, 12, 119, 153, 123, 31
64, 1, 196, 197, 134, 193, 129, 137, 43, 16, 105, 61
176, 194, 71, 169, 106, 142, 112, 19, 90, 188, 94, 31
161, 3, 70, 39, 103, 170, 43, 14, 89, 187, 28, 30
161, 65, 145, 10, 172, 16, 49, 178, 116, 149, 156, 159
192, 197, 168, 10, 15, 25, 153, 57, 124, 189, 69, 159
128, 32, 196, 197, 138, 107, 108, 115, 118, 121, 69, 159
128, 160, 137, 138, 174, 190, 158, 23, 24, 89, 170, 30
98, 131, 100, 197, 104, 12, 66, 48, 17, 35, 149, 36
0, 65, 1, 197, 129, 9, 18, 21, 182, 100, 187, 181
33, 2, 36, 106, 107, 98, 142, 146, 23, 25, 28, 61
0, 161, 194, 99, 118, 97, 95, 78, 114, 150, 27, 191
193, 98, 187, 5, 42, 76, 46, 112, 50, 115, 14, 27
160, 129, 164, 39, 96, 79, 56, 85, 120, 191, 158, 95
65, 34, 5, 130, 176, 173, 13, 80, 53, 155, 30, 31
130, 195, 132, 133, 198, 108, 138, 76, 176, 81, 53, 186
4, 71, 136, 41, 106, 14, 168, 116, 170, 90, 156, 157
130, 4, 9, 140, 173, 175, 16, 105, 56, 187, 157, 95
131, 135, 104, 41, 138, 55, 44, 13, 88, 183, 24, 154
97, 194, 132, 33, 38, 103, 8, 75, 109, 81, 89, 153
97, 3, 33, 42, 77, 144, 74, 181, 118, 26, 156, 93
112, 130, 68, 37, 102, 48, 14, 80, 118, 188, 93, 134
112, 3, 134, 135, 106, 80, 195, 180, 117, 23, 29, 149
195, 36, 133, 38, 43, 174, 157, 113, 26, 184, 152, 61
65, 2, 171, 168, 43, 46, 144, 118, 176, 121, 59, 30
99, 70, 55, 108, 109, 145, 182, 183, 89, 122, 62, 191
163, 37, 134, 168, 14, 171, 110, 47, 18, 181, 185, 122
2, 134, 6, 41, 11, 98, 142, 115, 117, 150, 183, 169
99, 133, 166, 172, 44, 178, 79, 114, 21, 86, 93, 149
161, 130, 131, 132, 103, 12, 45, 14, 84, 86, 154, 91
171, 109, 78, 189, 48, 17, 114, 148, 22, 57, 186, 29
98, 59, 70, 107, 108, 93, 29, 176, 146, 54, 111, 189
160, 66, 163, 9, 141, 15, 48, 146, 19, 180, 87, 189
163, 100, 172, 138, 139, 140, 47, 48, 22, 169, 79, 127
68, 73, 42, 111, 93, 17, 51, 85, 132, 155, 189, 190
33, 67, 16, 65, 72, 41, 43, 15, 112, 113, 51, 154
65, 36, 37, 134, 43, 143, 146, 87, 47, 183, 158, 127
34, 132, 5, 61, 18, 52, 22, 196, 54, 92, 189, 31
2, 70, 7, 167, 177, 158, 54, 184, 58, 27, 154, 62
132, 70, 17, 74, 177, 82, 53, 55, 186, 155, 189, 190
123, 167, 136, 41, 171, 83, 181, 86, 120, 187, 158, 53
1, 4, 38, 134, 168, 44, 47, 56, 26, 155, 93, 94
0, 96, 100, 9, 142, 175, 144, 148, 14, 183, 88, 185
64, 1, 101, 102, 104, 42, 171, 108, 84, 86, 116, 159
165, 6, 137, 170, 146, 116, 53, 151, 184, 105, 188, 95
1, 102, 198, 60, 106, 116, 126, 121, 153, 187, 124, 185
3, 196, 165, 102, 151, 14, 115, 84, 110, 22, 87, 153
128, 163, 167, 108, 109, 113, 114, 54, 88, 123, 188, 157
2, 75, 66, 166, 105, 43, 162, 109, 177, 82, 184, 157
4, 5, 38, 103, 8, 44, 45, 180, 54, 127, 86, 31
192, 1, 131, 7, 74, 87, 144, 18, 199, 151, 88, 94
102, 199, 105, 46, 29, 80, 17, 51, 151, 120, 93, 94
64, 66, 164, 5, 6, 71, 145, 56, 120, 186, 30, 69
36, 22, 104, 50, 46, 47, 82, 54, 120, 153, 27, 31
162, 195, 197, 172, 178, 174, 143, 50, 180, 119, 152, 187
129, 97, 44, 114, 80, 146, 147, 150, 185, 89, 189, 190
5, 167, 11, 76, 175, 46, 47, 80, 141, 146, 147, 123
1, 129, 8, 137, 107, 111, 72, 180, 182, 154, 188, 190
36, 165, 41, 139, 112, 21, 54, 152, 91, 156, 29, 53
97, 131, 9, 119, 142, 143, 80, 50, 118, 41, 169, 123
0, 64, 39, 170, 11, 192, 142, 143, 18, 51, 59, 29
33, 66, 195, 129, 84, 117, 183, 185, 187, 28, 157, 52
2, 182, 40, 109, 24, 82, 115, 150, 152, 91, 60, 95
192, 98, 68, 166, 7, 9, 11, 142, 81, 114, 149, 55
33, 194, 163, 131, 133, 162, 137, 138, 77, 82, 83, 159
160, 155, 172, 141, 110, 145, 35, 149, 57, 25, 27, 159
161, 35, 132, 133, 6, 106, 140, 85, 87, 185, 92, 62
65, 5, 161, 105, 75, 144, 81, 52, 186, 116, 122, 125
128, 2, 4, 101, 75, 13, 18, 51, 85, 152, 121, 126
0, 34, 68, 197, 103, 73, 107, 44, 145, 21, 91, 190
163, 69, 134, 7, 104, 103, 173, 110, 148, 52, 135, 63
32, 35, 100, 165, 125, 85, 182, 57, 123, 29, 94, 127
32, 130, 91, 77, 49, 151, 152, 186, 191, 92, 93, 31
66, 100, 198, 168, 42, 76, 13, 16, 86, 119, 152, 94
98, 3, 4, 72, 76, 12, 17, 116, 153, 90, 91, 154
70, 135, 170, 171, 12, 141, 174, 52, 151, 56, 59, 191
195, 197, 134, 49, 151, 12, 45, 113, 20, 119, 120, 157
2, 195, 100, 72, 42, 139, 12, 66, 14, 86, 87, 23
131, 133, 198, 167, 72, 77, 145, 19, 180, 23, 158, 63
5, 135, 45, 174, 82, 115, 53, 86, 150, 184, 57, 62
165, 134, 183, 143, 189, 85, 55, 184, 58, 191, 125, 127
160, 128, 195, 103, 8, 92, 174, 111, 113, 181, 86, 28
32, 35, 36, 75, 12, 114, 46, 146, 179, 57, 120, 89
162, 131, 49, 103, 173, 175, 81, 50, 147, 21, 90, 94
162, 67, 9, 130, 111, 176, 113, 179, 180, 117, 55, 127
115, 198, 74, 141, 81, 19, 55, 152, 120, 91, 30, 191
0, 67, 101, 38, 104, 170, 75, 23, 24, 187, 28, 157
194, 162, 37, 166, 71, 168, 141, 110, 47, 4, 58, 94
64, 129, 66, 37, 193, 104, 170, 44, 13, 78, 143, 30
2, 43, 101, 102, 9, 171, 111, 84, 21, 118, 89, 79
0, 1, 135, 60, 71, 192, 49, 191, 188, 125, 126, 63
65, 66, 195, 196, 71, 141, 49, 50, 115, 85, 24, 91
2, 38, 71, 169, 171, 76, 78, 51, 53, 46, 25, 27
144, 66, 165, 7, 136, 171, 109, 141, 80, 119, 60, 30
96, 3, 68, 7, 168, 107, 47, 113, 18, 57, 58, 127
96, 1, 35, 6, 48, 9, 42, 112, 144, 149, 56, 158
129, 36, 39, 40, 105, 167, 79, 112, 114, 148, 57, 123
35, 197, 166, 167, 135, 45, 110, 131, 186, 27, 28, 125
68, 129, 67, 132, 5, 32, 142, 113, 50, 148, 153, 188
69, 102, 139, 45, 15, 20, 117, 184, 57, 154, 126, 159
96, 34, 99, 132, 104, 10, 141, 173, 148, 90, 28, 127
34, 131, 134, 177, 8, 108, 144, 81, 40, 22, 89, 185
36, 167, 124, 142, 19, 78, 118, 119, 121, 92, 126, 117
16, 196, 7, 73, 13, 142, 144, 94, 121, 156, 126, 21
64, 98, 100, 38, 7, 43, 172, 162, 112, 177, 167, 159
32, 147, 38, 137, 15, 177, 82, 19, 150, 56, 57, 92
99, 69, 13, 175, 49, 83, 21, 87, 88, 79, 28, 85
98, 69, 106, 174, 81, 18, 83, 84, 151, 89, 60, 63
163, 164, 102, 168, 141, 110, 109, 178, 148, 26, 79, 63
133, 74, 61, 17, 178, 20, 88, 31, 124, 93, 190, 63
96, 163, 70, 199, 92, 141, 88, 82, 184, 156, 93, 95
160, 132, 165, 102, 40, 172, 44, 46, 23, 25, 63, 36
68, 197, 39, 8, 137, 10, 75, 76, 50, 86, 56, 138
