2400	19	9	9
2399	19	9	9
2398	17	9	9
2397	16	8	9
2396	14	8	9
2395	14	8	8
2394	14	8	8
2393	14	8	8
2392	14	8	8
2391	13	7	8
2390	13	7	8
2389	13	7	8
2388	13	7	8
2387	13	7	8
2386	13	7	8
2385	12	7	8
2384	12	7	8
2383	12	7	8
2382	12	7	7
2381	12	7	7
2380	12	7	7
2379	12	7	7
2378	12	7	7
2377	12	7	7
2376	12	7	7
2375	12	7	7
2374	12	7	7
2373	12	7	7
2372	12	7	7
2371	12	7	7
2370	12	7	7
2369	11	7	7
2368	11	7	7
2367	11	7	7
2366	11	6	7
2365	11	6	7
2364	11	6	7
2363	11	6	7
2362	11	6	7
2361	11	6	7
2360	11	6	7
2359	11	6	7
2358	11	6	7
2357	11	6	7
2356	11	6	7
2355	11	6	7
2354	11	6	7
2353	11	6	7
2352	11	6	7
2351	11	6	7
2350	11	6	7
2349	11	6	7
2348	11	6	7
2347	11	6	7
2346	11	6	7
2345	11	6	7
2344	11	6	7
2343	11	6	7
2342	11	6	7
2341	11	6	6
2340	11	6	6
2339	11	6	6
2338	11	6	6
2337	11	6	6
2336	11	6	6
2335	11	6	6
2334	11	6	6
2333	11	6	6
2332	11	6	6
2331	11	6	6
2330	11	6	6
2329	11	6	6
2328	11	6	6
2327	11	6	6
2326	11	6	6
2325	11	6	6
2324	11	6	6
2323	11	6	6
2322	11	6	6
2321	11	6	6
2320	11	6	6
2319	10	6	6
2318	10	6	6
2317	10	6	6
2316	10	6	6
2315	10	6	6
2314	10	6	6
2313	10	6	6
2312	10	6	6
2311	10	6	6
2310	10	6	6
2309	10	6	6
2308	10	6	6
2307	10	6	6
2306	10	6	6
2305	10	6	6
2304	10	6	6
2303	10	6	6
2302	10	6	6
2301	10	6	6
2300	10	6	6
2299	10	6	6
2298	10	6	6
2297	10	6	6
2296	10	6	6
2295	10	6	6
2294	10	6	6
2293	10	6	6
2292	10	6	6
2291	10	6	6
2290	10	6	6
2289	10	6	6
2288	10	6	6
2287	10	6	6
2286	10	6	6
2285	10	6	6
2284	10	6	6
2283	10	6	6
2282	10	6	6
2281	10	5	6
2280	10	5	6
2279	10	5	6
2278	10	5	6
2277	10	5	6
2276	10	5	6
2275	10	5	6
2274	10	5	6
2273	10	5	6
2272	10	5	6
2271	10	5	6
2270	10	5	6
2269	10	5	6
2268	10	5	6
2267	10	5	6
2266	10	5	6
2265	10	5	6
2264	10	5	6
2263	10	5	6
2262	10	5	6
2261	9	5	6
2260	9	5	6
2259	9	5	6
2258	9	5	6
2257	9	5	6
2256	9	5	6
2255	9	5	6
2254	9	5	6
2253	9	5	6
2252	9	5	6
2251	9	5	6
2250	9	5	6
2249	9	5	6
2248	9	5	6
2247	9	5	6
2246	9	5	6
2245	9	5	6
2244	9	5	6
2243	9	5	6
2242	9	5	6
2241	9	5	6
2240	9	5	6
2239	9	5	6
2238	9	5	6
2237	9	5	6
2236	9	5	6
2235	9	5	6
2234	9	5	6
2233	9	5	6
2232	9	5	6
2231	9	5	6
2230	9	5	6
2229	9	5	6
2228	9	5	6
2227	9	5	6
2226	9	5	5
2225	9	5	5
2224	9	5	5
2223	9	5	5
2222	9	5	5
2221	9	5	5
2220	9	5	5
2219	9	5	5
2218	9	5	5
2217	9	5	5
2216	9	5	5
2215	9	5	5
2214	9	5	5
2213	9	5	5
2212	9	5	5
2211	9	5	5
2210	9	5	5
2209	9	5	5
2208	9	5	5
2207	9	5	5
2206	9	5	5
2205	9	5	5
2204	9	5	5
2203	9	5	5
2202	9	5	5
2201	9	5	5
2200	9	5	5
2199	9	5	5
2198	9	5	5
2197	9	5	5
2196	9	5	5
2195	9	5	5
2194	9	5	5
2193	9	5	5
2192	9	5	5
2191	9	5	5
2190	9	5	5
2189	9	5	5
2188	9	5	5
2187	9	5	5
2186	9	5	5
2185	9	5	5
2184	9	5	5
2183	9	5	5
2182	9	5	5
2181	9	5	5
2180	9	5	5
2179	9	5	5
2178	9	5	5
2177	9	5	5
2176	9	5	5
2175	9	5	5
2174	9	5	5
2173	9	5	5
2172	9	5	5
2171	9	5	5
2170	9	5	5
2169	9	5	5
2168	9	5	5
2167	9	5	5
2166	9	5	5
2165	9	5	5
2164	9	5	5
2163	9	5	5
2162	9	5	5
2161	9	5	5
2160	9	5	5
2159	9	5	5
2158	9	5	5
2157	9	5	5
2156	9	5	5
2155	9	5	5
2154	9	5	5
2153	9	5	5
2152	9	5	5
2151	9	5	5
2150	9	5	5
2149	9	5	5
2148	9	5	5
2147	9	5	5
2146	9	5	5
2145	9	5	5
2144	8	5	5
2143	8	5	5
2142	8	5	5
2141	8	5	5
2140	8	5	5
2139	8	5	5
2138	8	5	5
2137	8	5	5
2136	8	5	5
2135	8	5	5
2134	8	5	5
2133	8	5	5
2132	8	5	5
2131	8	5	5
2130	8	5	5
2129	8	5	5
2128	8	5	5
2127	8	5	5
2126	8	5	5
2125	8	5	5
2124	8	5	5
2123	8	5	5
2122	8	5	5
2121	8	5	5
2120	8	5	5
2119	8	5	5
2118	8	5	5
2117	8	5	5
2116	8	5	5
2115	8	5	5
2114	8	5	5
2113	8	5	5
2112	8	5	5
2111	8	5	5
2110	8	5	5
2109	8	5	5
2108	8	5	5
2107	8	5	5
2106	8	5	5
2105	8	5	5
2104	8	5	5
2103	8	5	5
2102	8	5	5
2101	8	5	5
2100	8	5	5
2099	8	5	5
2098	8	5	5
2097	8	5	5
2096	8	5	5
2095	8	5	5
2094	8	5	5
2093	8	5	5
2092	8	5	5
2091	8	5	5
2090	8	5	5
2089	8	5	5
2088	8	5	5
2087	8	5	5
2086	8	5	5
2085	8	5	5
2084	8	5	5
2083	8	5	5
2082	8	5	5
2081	8	5	5
2080	8	5	5
2079	8	5	5
2078	8	5	5
2077	8	5	5
2076	8	5	5
2075	8	5	5
2074	8	5	5
2073	8	5	5
2072	8	5	5
2071	8	5	5
2070	8	5	5
2069	8	5	5
2068	8	5	5
2067	8	5	5
2066	8	5	5
2065	8	5	5
2064	8	5	5
2063	8	5	5
2062	8	5	5
2061	8	4	5
2060	8	4	5
2059	8	4	5
2058	8	4	5
2057	8	4	5
2056	8	4	5
2055	8	4	5
2054	8	4	5
2053	8	4	5
2052	8	4	5
2051	8	4	5
2050	8	4	5
2049	8	4	5
2048	8	4	5
2047	8	4	5
2046	8	4	5
2045	8	4	5
2044	8	4	5
2043	8	4	5
2042	8	4	5
2041	8	4	5
2040	8	4	5
2039	8	4	5
2038	8	4	5
2037	8	4	5
2036	8	4	5
2035	8	4	5
2034	8	4	5
2033	8	4	5
2032	8	4	5
2031	8	4	5
2030	8	4	5
2029	8	4	5
2028	8	4	5
2027	8	4	5
2026	8	4	5
2025	8	4	5
2024	8	4	5
2023	8	4	5
2022	8	4	5
2021	8	4	5
2020	8	4	5
2019	8	4	5
2018	8	4	5
2017	8	4	5
2016	8	4	5
2015	8	4	5
2014	8	4	5
2013	8	4	5
2012	8	4	5
2011	8	4	5
2010	8	4	5
2009	8	4	5
2008	8	4	5
2007	8	4	5
2006	8	4	5
2005	8	4	5
2004	8	4	5
2003	8	4	5
2002	8	4	5
2001	8	4	5
2000	8	4	5
1999	8	4	5
1998	8	4	5
1997	8	4	5
1996	8	4	5
1995	8	4	5
1994	8	4	5
1993	8	4	5
1992	8	4	5
1991	8	4	5
1990	8	4	5
1989	8	4	5
1988	8	4	5
1987	8	4	5
1986	8	4	5
1985	8	4	5
1984	8	4	5
1983	8	4	5
1982	8	4	5
1981	8	4	5
1980	8	4	5
1979	8	4	5
1978	8	4	5
1977	8	4	5
1976	8	4	5
1975	8	4	5
1974	8	4	5
1973	8	4	5
1972	8	4	5
1971	8	4	5
1970	8	4	5
1969	8	4	5
1968	8	4	5
1967	8	4	5
1966	8	4	5
1965	8	4	5
1964	8	4	5
1963	8	4	5
1962	8	4	5
1961	8	4	5
1960	8	4	4
1959	8	4	4
1958	8	4	4
1957	8	4	4
1956	8	4	4
1955	8	4	4
1954	8	4	4
1953	8	4	4
1952	8	4	4
1951	8	4	4
1950	8	4	4
1949	8	4	4
1948	8	4	4
1947	8	4	4
1946	8	4	4
1945	8	4	4
1944	8	4	4
1943	8	4	4
1942	8	4	4
1941	8	4	4
1940	8	4	4
1939	8	4	4
1938	8	4	4
1937	8	4	4
1936	8	4	4
1935	8	4	4
1934	8	4	4
1933	8	4	4
1932	8	4	4
1931	8	4	4
1930	8	4	4
1929	8	4	4
1928	8	4	4
1927	8	4	4
1926	8	4	4
1925	8	4	4
1924	8	4	4
1923	8	4	4
1922	8	4	4
1921	8	4	4
1920	8	4	4
1919	8	4	4
1918	8	4	4
1917	8	4	4
1916	8	4	4
1915	8	4	4
1914	8	4	4
1913	8	4	4
1912	8	4	4
1911	8	4	4
1910	8	4	4
1909	8	4	4
1908	7	4	4
1907	7	4	4
1906	7	4	4
1905	7	4	4
1904	7	4	4
1903	7	4	4
1902	7	4	4
1901	7	4	4
1900	7	4	4
1899	7	4	4
1898	7	4	4
1897	7	4	4
1896	7	4	4
1895	7	4	4
1894	7	4	4
1893	7	4	4
1892	7	4	4
1891	7	4	4
1890	7	4	4
1889	7	4	4
1888	7	4	4
1887	7	4	4
1886	7	4	4
1885	7	4	4
1884	7	4	4
1883	7	4	4
1882	7	4	4
1881	7	4	4
1880	7	4	4
1879	7	4	4
1878	7	4	4
1877	7	4	4
1876	7	4	4
1875	7	4	4
1874	7	4	4
1873	7	4	4
1872	7	4	4
1871	7	4	4
1870	7	4	4
1869	7	4	4
1868	7	4	4
1867	7	4	4
1866	7	4	4
1865	7	4	4
1864	7	4	4
1863	7	4	4
1862	7	4	4
1861	7	4	4
1860	7	4	4
1859	7	4	4
1858	7	4	4
1857	7	4	4
1856	7	4	4
1855	7	4	4
1854	7	4	4
1853	7	4	4
1852	7	4	4
1851	7	4	4
1850	7	4	4
1849	7	4	4
1848	7	4	4
1847	7	4	4
1846	7	4	4
1845	7	4	4
1844	7	4	4
1843	7	4	4
1842	7	4	4
1841	7	4	4
1840	7	4	4
1839	7	4	4
1838	7	4	4
1837	7	4	4
1836	7	4	4
1835	7	4	4
1834	7	4	4
1833	7	4	4
1832	7	4	4
1831	7	4	4
1830	7	4	4
1829	7	4	4
1828	7	4	4
1827	7	4	4
1826	7	4	4
1825	7	4	4
1824	7	4	4
1823	7	4	4
1822	7	4	4
1821	7	4	4
1820	7	4	4
1819	7	4	4
1818	7	4	4
1817	7	4	4
1816	7	4	4
1815	7	4	4
1814	7	4	4
1813	7	4	4
1812	7	4	4
1811	7	4	4
1810	7	4	4
1809	7	4	4
1808	7	4	4
1807	7	4	4
1806	7	4	4
1805	7	4	4
1804	7	4	4
1803	7	4	4
1802	7	4	4
1801	7	4	4
1800	7	4	4
1799	7	4	4
1798	7	4	4
1797	7	4	4
1796	7	4	4
1795	7	4	4
1794	7	4	4
1793	7	4	4
1792	7	4	4
1791	7	4	4
1790	7	4	4
1789	7	4	4
1788	7	4	4
1787	7	4	4
1786	7	4	4
1785	7	4	4
1784	7	4	4
1783	7	4	4
1782	7	4	4
1781	7	4	4
1780	7	4	4
1779	7	4	4
1778	7	4	4
1777	7	4	4
1776	7	4	4
1775	7	4	4
1774	7	4	4
1773	7	4	4
1772	7	4	4
1771	7	4	4
1770	7	4	4
1769	7	4	4
1768	7	4	4
1767	7	4	4
1766	7	4	4
1765	7	4	4
1764	7	4	4
1763	7	4	4
1762	7	4	4
1761	7	4	4
1760	7	4	4
1759	7	4	4
1758	7	4	4
1757	7	4	4
1756	7	4	4
1755	7	4	4
1754	7	4	4
1753	7	4	4
1752	7	4	4
1751	7	4	4
1750	7	4	4
1749	7	4	4
1748	7	4	4
1747	7	4	4
1746	7	4	4
1745	7	4	4
1744	7	4	4
1743	7	4	4
1742	7	4	4
1741	7	4	4
1740	7	4	4
1739	7	4	4
1738	7	4	4
1737	7	4	4
1736	7	4	4
1735	7	4	4
1734	7	4	4
1733	7	4	4
1732	7	4	4
1731	7	4	4
1730	7	4	4
1729	7	4	4
1728	7	4	4
1727	7	4	4
1726	7	4	4
1725	7	4	4
1724	7	4	4
1723	7	4	4
1722	7	4	4
1721	7	4	4
1720	7	4	4
1719	7	4	4
1718	7	4	4
1717	7	4	4
1716	7	4	4
1715	7	4	4
1714	7	4	4
1713	7	4	4
1712	7	4	4
1711	7	4	4
1710	7	4	4
1709	7	4	4
1708	7	4	4
1707	7	4	4
1706	7	4	4
1705	7	4	4
1704	7	4	4
1703	7	4	4
1702	7	4	4
1701	7	4	4
1700	7	4	4
1699	7	4	4
1698	7	4	4
1697	7	4	4
1696	7	4	4
1695	7	4	4
1694	7	4	4
1693	7	4	4
1692	7	4	4
1691	7	4	4
1690	7	4	4
1689	7	4	4
1688	7	4	4
1687	7	4	4
1686	7	4	4
1685	7	4	4
1684	7	4	4
1683	7	4	4
1682	7	4	4
1681	7	4	4
1680	7	4	4
1679	7	4	4
1678	7	4	4
1677	7	3	4
1676	7	3	4
1675	7	3	4
1674	7	3	4
1673	7	3	4
1672	7	3	4
1671	7	3	4
1670	7	3	4
1669	7	3	4
1668	7	3	4
1667	7	3	4
1666	7	3	4
1665	7	3	4
1664	7	3	4
1663	7	3	4
1662	7	3	4
1661	7	3	4
1660	7	3	4
1659	7	3	4
1658	7	3	4
1657	7	3	4
1656	7	3	4
1655	7	3	4
1654	7	3	4
1653	7	3	4
1652	7	3	4
1651	7	3	4
1650	7	3	4
1649	7	3	4
1648	7	3	4
1647	7	3	4
1646	7	3	4
1645	7	3	4
1644	7	3	4
1643	7	3	4
1642	7	3	4
1641	7	3	4
1640	7	3	4
1639	7	3	4
1638	7	3	4
1637	7	3	4
1636	7	3	4
1635	7	3	4
1634	7	3	4
1633	7	3	4
1632	7	3	4
1631	7	3	4
1630	7	3	4
1629	7	3	4
1628	7	3	4
1627	7	3	4
1626	7	3	4
1625	7	3	4
1624	7	3	4
1623	7	3	4
1622	7	3	4
1621	7	3	4
1620	7	3	4
1619	7	3	4
1618	7	3	4
1617	7	3	4
1616	7	3	4
1615	7	3	4
1614	7	3	4
1613	7	3	4
1612	7	3	4
1611	7	3	4
1610	7	3	4
1609	7	3	4
1608	7	3	4
1607	7	3	4
1606	7	3	4
1605	7	3	4
1604	7	3	4
1603	7	3	4
1602	7	3	4
1601	7	3	4
1600	7	3	4
1599	7	3	4
1598	7	3	4
1597	7	3	4
1596	7	3	4
1595	7	3	4
1594	7	3	4
1593	7	3	4
1592	7	3	4
1591	7	3	4
1590	7	3	4
1589	7	3	4
1588	7	3	4
1587	7	3	4
1586	7	3	4
1585	7	3	4
1584	7	3	4
1583	7	3	4
1582	7	3	4
1581	7	3	4
1580	6	3	4
1579	6	3	4
1578	6	3	4
1577	6	3	4
1576	6	3	4
1575	6	3	4
1574	6	3	4
1573	6	3	4
1572	6	3	4
1571	6	3	4
1570	6	3	4
1569	6	3	4
1568	6	3	4
1567	6	3	4
1566	6	3	4
1565	6	3	4
1564	6	3	4
1563	6	3	4
1562	6	3	4
1561	6	3	4
1560	6	3	4
1559	6	3	4
1558	6	3	4
1557	6	3	4
1556	6	3	4
1555	6	3	4
1554	6	3	4
1553	6	3	4
1552	6	3	4
1551	6	3	4
1550	6	3	4
1549	6	3	4
1548	6	3	4
1547	6	3	4
1546	6	3	4
1545	6	3	4
1544	6	3	3
1543	6	3	3
1542	6	3	3
1541	6	3	3
1540	6	3	3
1539	6	3	3
1538	6	3	3
1537	6	3	3
1536	6	3	3
1535	6	3	3
1534	6	3	3
1533	6	3	3
1532	6	3	3
1531	6	3	3
1530	6	3	3
1529	6	3	3
1528	6	3	3
1527	6	3	3
1526	6	3	3
1525	6	3	3
1524	6	3	3
1523	6	3	3
1522	6	3	3
1521	6	3	3
1520	6	3	3
1519	6	3	3
1518	6	3	3
1517	6	3	3
1516	6	3	3
1515	6	3	3
1514	6	3	3
1513	6	3	3
1512	6	3	3
1511	6	3	3
1510	6	3	3
1509	6	3	3
1508	6	3	3
1507	6	3	3
1506	6	3	3
1505	6	3	3
1504	6	3	3
1503	6	3	3
1502	6	3	3
1501	6	3	3
1500	6	3	3
1499	6	3	3
1498	6	3	3
1497	6	3	3
1496	6	3	3
1495	6	3	3
1494	6	3	3
1493	6	3	3
1492	6	3	3
1491	6	3	3
1490	6	3	3
1489	6	3	3
1488	6	3	3
1487	6	3	3
1486	6	3	3
1485	6	3	3
1484	6	3	3
1483	6	3	3
1482	6	3	3
1481	6	3	3
1480	6	3	3
1479	6	3	3
1478	6	3	3
1477	6	3	3
1476	6	3	3
1475	6	3	3
1474	6	3	3
1473	6	3	3
1472	6	3	3
1471	6	3	3
1470	6	3	3
1469	6	3	3
1468	6	3	3
1467	6	3	3
1466	6	3	3
1465	6	3	3
1464	6	3	3
1463	6	3	3
1462	6	3	3
1461	6	3	3
1460	6	3	3
1459	6	3	3
1458	6	3	3
1457	6	3	3
1456	6	3	3
1455	6	3	3
1454	6	3	3
1453	6	3	3
1452	6	3	3
1451	6	3	3
1450	6	3	3
1449	6	3	3
1448	6	3	3
1447	6	3	3
1446	6	3	3
1445	6	3	3
1444	6	3	3
1443	6	3	3
1442	6	3	3
1441	6	3	3
1440	6	3	3
1439	6	3	3
1438	6	3	3
1437	6	3	3
1436	6	3	3
1435	6	3	3
1434	6	3	3
1433	6	3	3
1432	6	3	3
1431	6	3	3
1430	6	3	3
1429	6	3	3
1428	6	3	3
1427	6	3	3
1426	6	3	3
1425	6	3	3
1424	6	3	3
1423	6	3	3
1422	6	3	3
1421	6	3	3
1420	6	3	3
1419	6	3	3
1418	6	3	3
1417	6	3	3
1416	6	3	3
1415	6	3	3
1414	6	3	3
1413	6	3	3
1412	6	3	3
1411	6	3	3
1410	6	3	3
1409	6	3	3
1408	6	3	3
1407	6	3	3
1406	6	3	3
1405	6	3	3
1404	6	3	3
1403	6	3	3
1402	6	3	3
1401	6	3	3
1400	6	3	3
1399	6	3	3
1398	6	3	3
1397	6	3	3
1396	6	3	3
1395	6	3	3
1394	6	3	3
1393	6	3	3
1392	6	3	3
1391	6	3	3
1390	6	3	3
1389	6	3	3
1388	6	3	3
1387	6	3	3
1386	6	3	3
1385	6	3	3
1384	6	3	3
1383	6	3	3
1382	6	3	3
1381	6	3	3
1380	6	3	3
1379	6	3	3
1378	6	3	3
1377	6	3	3
1376	6	3	3
1375	6	3	3
1374	6	3	3
1373	6	3	3
1372	6	3	3
1371	6	3	3
1370	6	3	3
1369	6	3	3
1368	6	3	3
1367	6	3	3
1366	6	3	3
1365	6	3	3
1364	6	3	3
1363	6	3	3
1362	6	3	3
1361	6	3	3
1360	6	3	3
1359	6	3	3
1358	6	3	3
1357	6	3	3
1356	6	3	3
1355	6	3	3
1354	6	3	3
1353	6	3	3
1352	6	3	3
1351	6	3	3
1350	6	3	3
1349	6	3	3
1348	6	3	3
1347	6	3	3
1346	6	3	3
1345	6	3	3
1344	6	3	3
1343	6	3	3
1342	6	3	3
1341	6	3	3
1340	6	3	3
1339	6	3	3
1338	6	3	3
1337	6	3	3
1336	6	3	3
1335	6	3	3
1334	6	3	3
1333	6	3	3
1332	6	3	3
1331	6	3	3
1330	6	3	3
1329	6	3	3
1328	6	3	3
1327	6	3	3
1326	6	3	3
1325	6	3	3
1324	6	3	3
1323	6	3	3
1322	6	3	3
1321	6	3	3
1320	6	3	3
1319	6	3	3
1318	6	3	3
1317	6	3	3
1316	6	3	3
1315	6	3	3
1314	6	3	3
1313	6	3	3
1312	6	3	3
1311	6	3	3
1310	6	3	3
1309	6	3	3
1308	6	3	3
1307	6	3	3
1306	6	3	3
1305	6	3	3
1304	6	3	3
1303	6	3	3
1302	6	3	3
1301	6	3	3
1300	6	3	3
1299	6	3	3
1298	6	3	3
1297	6	3	3
1296	6	3	3
1295	6	3	3
1294	6	3	3
1293	6	3	3
1292	6	3	3
1291	6	3	3
1290	6	3	3
1289	6	3	3
1288	6	3	3
1287	6	3	3
1286	6	3	3
1285	6	3	3
1284	6	3	3
1283	6	3	3
1282	6	3	3
1281	6	3	3
1280	6	3	3
1279	6	3	3
1278	6	3	3
1277	6	3	3
1276	6	3	3
1275	6	3	3
1274	6	3	3
1273	6	3	3
1272	6	3	3
1271	6	3	3
1270	6	3	3
1269	6	3	3
1268	6	3	3
1267	6	3	3
1266	6	3	3
1265	6	3	3
1264	6	3	3
1263	6	3	3
1262	6	3	3
1261	6	3	3
1260	6	3	3
1259	6	3	3
1258	6	3	3
1257	6	3	3
1256	6	3	3
1255	6	3	3
1254	6	3	3
1253	6	3	3
1252	6	3	3
1251	6	3	3
1250	6	3	3
1249	6	3	3
1248	6	3	3
1247	6	3	3
1246	6	3	3
1245	6	3	3
1244	6	3	3
1243	6	3	3
1242	6	3	3
1241	6	3	3
1240	6	3	3
1239	6	3	3
1238	6	3	3
1237	6	3	3
1236	6	3	3
1235	6	3	3
1234	6	3	3
1233	6	3	3
1232	6	3	3
1231	6	3	3
1230	6	3	3
1229	6	3	3
1228	6	3	3
1227	6	3	3
1226	6	3	3
1225	6	3	3
1224	6	3	3
1223	6	3	3
1222	6	3	3
1221	6	3	3
1220	6	3	3
1219	6	3	3
1218	6	3	3
1217	6	3	3
1216	6	3	3
1215	6	3	3
1214	6	3	3
1213	6	3	3
1212	6	3	3
1211	6	3	3
1210	6	3	3
1209	6	3	3
1208	6	3	3
1207	6	3	3
1206	6	3	3
1205	6	3	3
1204	6	3	3
1203	6	3	3
1202	6	3	3
1201	6	3	3
1200	6	3	3
1199	6	3	3
1198	6	3	3
1197	6	3	3
1196	6	3	3
1195	6	3	3
1194	6	3	3
1193	6	3	3
1192	6	3	3
1191	6	3	3
1190	6	3	3
1189	6	3	3
1188	6	3	3
1187	5	3	3
1186	5	3	3
1185	5	3	3
1184	5	3	3
1183	5	3	3
1182	5	3	3
1181	5	3	3
1180	5	3	3
1179	5	3	3
1178	5	3	3
1177	5	3	3
1176	5	3	3
1175	5	3	3
1174	5	3	3
1173	5	3	3
1172	5	3	3
1171	5	3	3
1170	5	3	3
1169	5	3	3
1168	5	3	3
1167	5	3	3
1166	5	3	3
1165	5	3	3
1164	5	3	3
1163	5	3	3
1162	5	3	3
1161	5	3	3
1160	5	3	3
1159	5	3	3
1158	5	3	3
1157	5	3	3
1156	5	3	3
1155	5	3	3
1154	5	3	3
1153	5	3	3
1152	5	3	3
1151	5	3	3
1150	5	3	3
1149	5	3	3
1148	5	3	3
1147	5	3	3
1146	5	3	3
1145	5	3	3
1144	5	3	3
1143	5	3	3
1142	5	3	3
1141	5	3	3
1140	5	3	3
1139	5	3	3
1138	5	3	3
1137	5	3	3
1136	5	3	3
1135	5	3	3
1134	5	3	3
1133	5	3	3
1132	5	3	3
1131	5	3	3
1130	5	3	3
1129	5	3	3
1128	5	3	3
1127	5	3	3
1126	5	3	3
1125	5	3	3
1124	5	3	3
1123	5	3	3
1122	5	3	3
1121	5	3	3
1120	5	3	3
1119	5	3	3
1118	5	3	3
1117	5	3	3
1116	5	3	3
1115	5	3	3
1114	5	3	3
1113	5	3	3
1112	5	3	3
1111	5	3	3
1110	5	3	3
1109	5	3	3
1108	5	3	3
1107	5	3	3
1106	5	3	3
1105	5	3	3
1104	5	3	3
1103	5	3	3
1102	5	3	3
1101	5	3	3
1100	5	3	3
1099	5	3	3
1098	5	3	3
1097	5	3	3
1096	5	3	3
1095	5	3	3
1094	5	3	3
1093	5	3	3
1092	5	3	3
1091	5	3	3
1090	5	3	3
1089	5	3	3
1088	5	3	3
1087	5	2	3
1086	5	2	3
1085	5	2	3
1084	5	2	3
1083	5	2	3
1082	5	2	3
1081	5	2	3
1080	5	2	3
1079	5	2	3
1078	5	2	3
1077	5	2	3
1076	5	2	3
1075	5	2	3
1074	5	2	3
1073	5	2	3
1072	5	2	3
1071	5	2	3
1070	5	2	3
1069	5	2	3
1068	5	2	3
1067	5	2	3
1066	5	2	3
1065	5	2	3
1064	5	2	3
1063	5	2	3
1062	5	2	3
1061	5	2	3
1060	5	2	3
1059	5	2	3
1058	5	2	3
1057	5	2	3
1056	5	2	3
1055	5	2	3
1054	5	2	3
1053	5	2	3
1052	5	2	3
1051	5	2	3
1050	5	2	3
1049	5	2	3
1048	5	2	3
1047	5	2	3
1046	5	2	3
1045	5	2	3
1044	5	2	3
1043	5	2	3
1042	5	2	3
1041	5	2	3
1040	5	2	3
1039	5	2	3
1038	5	2	3
1037	5	2	3
1036	5	2	3
1035	5	2	3
1034	5	2	3
1033	5	2	3
1032	5	2	3
1031	5	2	3
1030	5	2	3
1029	5	2	3
1028	5	2	3
1027	5	2	3
1026	5	2	3
1025	5	2	3
1024	5	2	3
1023	5	2	3
1022	5	2	3
1021	5	2	3
1020	5	2	3
1019	5	2	3
1018	5	2	3
1017	5	2	3
1016	5	2	3
1015	5	2	3
1014	5	2	3
1013	5	2	3
1012	5	2	3
1011	5	2	3
1010	5	2	3
1009	5	2	3
1008	5	2	3
1007	5	2	3
1006	5	2	3
1005	5	2	3
1004	5	2	3
1003	5	2	3
1002	5	2	3
1001	5	2	3
1000	5	2	3
999	5	2	3
998	5	2	3
997	5	2	3
996	5	2	3
995	5	2	3
994	5	2	3
993	5	2	3
992	5	2	3
991	5	2	3
990	5	2	3
989	5	2	3
988	5	2	3
987	5	2	3
986	5	2	3
985	5	2	3
984	5	2	3
983	5	2	3
982	5	2	3
981	5	2	3
980	5	2	3
979	5	2	3
978	5	2	3
977	5	2	3
976	5	2	3
975	5	2	3
974	5	2	3
973	5	2	3
972	5	2	3
971	5	2	3
970	5	2	3
969	5	2	3
968	5	2	3
967	5	2	3
966	5	2	3
965	5	2	3
964	5	2	3
963	5	2	3
962	5	2	3
961	5	2	3
960	5	2	3
959	5	2	3
958	5	2	3
957	5	2	3
956	5	2	3
955	5	2	3
954	5	2	3
953	5	2	3
952	5	2	3
951	5	2	3
950	5	2	3
949	5	2	3
948	5	2	3
947	5	2	3
946	5	2	2
945	5	2	2
944	5	2	2
943	5	2	2
942	5	2	2
941	5	2	2
940	5	2	2
939	5	2	2
938	5	2	2
937	5	2	2
936	5	2	2
935	5	2	2
934	5	2	2
933	5	2	2
932	5	2	2
931	5	2	2
930	5	2	2
929	5	2	2
928	5	2	2
927	5	2	2
926	5	2	2
925	5	2	2
924	5	2	2
923	5	2	2
922	5	2	2
921	5	2	2
920	5	2	2
919	5	2	2
918	5	2	2
917	5	2	2
916	5	2	2
915	5	2	2
914	5	2	2
913	5	2	2
912	5	2	2
911	5	2	2
910	5	2	2
909	5	2	2
908	5	2	2
907	5	2	2
906	5	2	2
905	5	2	2
904	5	2	2
903	5	2	2
902	5	2	2
901	5	2	2
900	5	2	2
899	5	2	2
898	5	2	2
897	5	2	2
896	5	2	2
895	5	2	2
894	5	2	2
893	5	2	2
892	5	2	2
891	5	2	2
890	5	2	2
889	5	2	2
888	5	2	2
887	5	2	2
886	5	2	2
885	5	2	2
884	5	2	2
883	5	2	2
882	5	2	2
881	5	2	2
880	5	2	2
879	5	2	2
878	5	2	2
877	5	2	2
876	5	2	2
875	5	2	2
874	5	2	2
873	5	2	2
872	5	2	2
871	5	2	2
870	5	2	2
869	5	2	2
868	5	2	2
867	5	2	2
866	5	2	2
865	5	2	2
864	5	2	2
863	5	2	2
862	5	2	2
861	5	2	2
860	5	2	2
859	5	2	2
858	5	2	2
857	5	2	2
856	5	2	2
855	5	2	2
854	5	2	2
853	5	2	2
852	5	2	2
851	5	2	2
850	5	2	2
849	5	2	2
848	5	2	2
847	5	2	2
846	5	2	2
845	5	2	2
844	5	2	2
843	5	2	2
842	5	2	2
841	5	2	2
840	5	2	2
839	5	2	2
838	5	2	2
837	5	2	2
836	5	2	2
835	5	2	2
834	5	2	2
833	5	2	2
832	5	2	2
831	5	2	2
830	5	2	2
829	5	2	2
828	5	2	2
827	5	2	2
826	5	2	2
825	5	2	2
824	5	2	2
823	5	2	2
822	5	2	2
821	5	2	2
820	5	2	2
819	5	2	2
818	5	2	2
817	5	2	2
816	5	2	2
815	5	2	2
814	5	2	2
813	5	2	2
812	5	2	2
811	5	2	2
810	5	2	2
809	5	2	2
808	5	2	2
807	5	2	2
806	5	2	2
805	5	2	2
804	5	2	2
803	5	2	2
802	5	2	2
801	5	2	2
800	5	2	2
799	5	2	2
798	5	2	2
797	5	2	2
796	5	2	2
795	5	2	2
794	5	2	2
793	5	2	2
792	5	2	2
791	5	2	2
790	5	2	2
789	5	2	2
788	5	2	2
787	5	2	2
786	5	2	2
785	5	2	2
784	5	2	2
783	5	2	2
782	5	2	2
781	5	2	2
780	5	2	2
779	5	2	2
778	5	2	2
777	5	2	2
776	5	2	2
775	5	2	2
774	5	2	2
773	5	2	2
772	5	2	2
771	5	2	2
770	5	2	2
769	5	2	2
768	5	2	2
767	5	2	2
766	5	2	2
765	5	2	2
764	5	2	2
763	5	2	2
762	5	2	2
761	5	2	2
760	5	2	2
759	5	2	2
758	5	2	2
757	5	2	2
756	5	2	2
755	5	2	2
754	5	2	2
753	5	2	2
752	5	2	2
751	5	2	2
750	5	2	2
749	5	2	2
748	5	2	2
747	5	2	2
746	5	2	2
745	5	2	2
744	5	2	2
743	5	2	2
742	5	2	2
741	5	2	2
740	5	2	2
739	5	2	2
738	4	2	2
737	4	2	2
736	4	2	2
735	4	2	2
734	4	2	2
733	4	2	2
732	4	2	2
731	4	2	2
730	4	2	2
729	4	2	2
728	4	2	2
727	4	2	2
726	4	2	2
725	4	2	2
724	4	2	2
723	4	2	2
722	4	2	2
721	4	2	2
720	4	2	2
719	4	2	2
718	4	2	2
717	4	2	2
716	4	2	2
715	4	2	2
714	4	2	2
713	4	2	2
712	4	2	2
711	4	2	2
710	4	2	2
709	4	2	2
708	4	2	2
707	4	2	2
706	4	2	2
705	4	2	2
704	4	2	2
703	4	2	2
702	4	2	2
701	4	2	2
700	4	2	2
699	4	2	2
698	4	2	2
697	4	2	2
696	4	2	2
695	4	2	2
694	4	2	2
693	4	2	2
692	4	2	2
691	4	2	2
690	4	2	2
689	4	2	2
688	4	2	2
687	4	2	2
686	4	2	2
685	4	2	2
684	4	2	2
683	4	2	2
682	4	2	2
681	4	2	2
680	4	2	2
679	4	2	2
678	4	2	2
677	4	2	2
676	4	2	2
675	4	2	2
674	4	2	2
673	4	2	2
672	4	2	2
671	4	2	2
670	4	2	2
669	4	2	2
668	4	2	2
667	4	2	2
666	4	2	2
665	4	2	2
664	4	2	2
663	4	2	2
662	4	2	2
661	4	2	2
660	4	2	2
659	4	2	2
658	4	2	2
657	4	2	2
656	4	2	2
655	4	2	2
654	4	2	2
653	4	2	2
652	4	2	2
651	4	2	2
650	4	2	2
649	4	2	2
648	4	2	2
647	4	2	2
646	4	2	2
645	4	2	2
644	4	2	2
643	4	2	2
642	4	2	2
641	4	2	2
640	4	2	2
639	4	2	2
638	4	2	2
637	4	2	2
636	4	2	2
635	4	2	2
634	4	2	2
633	4	2	2
632	4	2	2
631	4	2	2
630	4	2	2
629	4	2	2
628	4	2	2
627	4	2	2
626	4	2	2
625	4	2	2
624	4	2	2
623	4	2	2
622	4	2	2
621	4	2	2
620	4	2	2
619	4	2	2
618	4	2	2
617	4	2	2
616	4	2	2
615	4	2	2
614	4	2	2
613	4	2	2
612	4	2	2
611	4	2	2
610	4	2	2
609	4	2	2
608	4	2	2
607	4	2	2
606	4	2	2
605	4	2	2
604	4	2	2
603	4	2	2
602	4	2	2
601	4	2	2
600	4	2	2
599	4	2	2
598	4	2	2
597	4	2	2
596	4	2	2
595	4	2	2
594	4	2	2
593	4	2	2
592	4	2	2
591	4	2	2
590	4	2	2
589	4	2	2
588	4	2	2
587	4	2	2
586	4	2	2
585	4	2	2
584	4	2	2
583	4	2	2
582	4	2	2
581	4	2	2
580	4	2	2
579	4	2	2
578	4	2	2
577	4	2	2
576	4	2	2
575	4	2	2
574	4	2	2
573	4	2	2
572	4	2	2
571	4	2	2
570	4	2	2
569	4	2	2
568	4	2	2
567	4	2	2
566	4	2	2
565	4	2	2
564	4	2	2
563	4	2	2
562	4	2	2
561	4	2	2
560	4	2	2
559	4	2	2
558	4	2	2
557	4	2	2
556	4	2	2
555	4	2	2
554	4	2	2
553	4	2	2
552	4	2	2
551	4	2	2
550	4	2	2
549	4	2	2
548	4	2	2
547	4	2	2
546	4	2	2
545	4	2	2
544	4	2	2
543	4	2	2
542	4	2	2
541	4	2	2
540	4	2	2
539	4	2	2
538	4	2	2
537	4	2	2
536	4	2	2
535	4	2	2
534	4	2	2
533	4	2	2
532	4	2	2
531	4	2	2
530	4	2	2
529	4	2	2
528	4	2	2
527	4	2	2
526	4	2	2
525	4	2	2
524	4	2	2
523	4	1	2
522	4	1	2
521	4	1	2
520	4	1	2
519	4	1	2
518	4	1	2
517	4	1	2
516	4	1	2
515	4	1	2
514	4	1	2
513	4	1	2
512	4	1	2
511	4	1	2
510	4	1	2
509	4	1	2
508	4	1	2
507	4	1	2
506	4	1	2
505	4	1	2
504	4	1	2
503	4	1	2
502	4	1	2
501	4	1	2
500	4	1	2
499	4	1	2
498	4	1	2
497	4	1	2
496	4	1	2
495	4	1	2
494	4	1	2
493	4	1	2
492	4	1	2
491	4	1	2
490	4	1	2
489	4	1	2
488	4	1	2
487	4	1	2
486	4	1	2
485	4	1	2
484	4	1	2
483	4	1	2
482	4	1	2
481	4	1	2
480	4	1	2
479	4	1	2
478	4	1	2
477	4	1	2
476	4	1	2
475	4	1	2
474	4	1	2
473	4	1	2
472	4	1	2
471	4	1	2
470	4	1	2
469	4	1	2
468	4	1	2
467	4	1	2
466	4	1	2
465	4	1	2
464	4	1	2
463	4	1	2
462	4	1	2
461	4	1	2
460	4	1	2
459	4	1	2
458	4	1	2
457	4	1	2
456	4	1	2
455	4	1	2
454	4	1	2
453	4	1	2
452	4	1	2
451	4	1	2
450	4	1	2
449	4	1	2
448	4	1	2
447	4	1	2
446	4	1	2
445	4	1	2
444	4	1	2
443	4	1	2
442	4	1	2
441	4	1	2
440	4	1	2
439	4	1	2
438	4	1	2
437	4	1	2
436	4	1	2
435	4	1	2
434	4	1	2
433	4	1	2
432	4	1	2
431	4	1	2
430	4	1	2
429	4	1	2
428	4	1	2
427	4	1	2
426	4	1	2
425	4	1	2
424	4	1	2
423	4	1	2
422	4	1	2
421	4	1	2
420	4	1	2
419	4	1	2
418	4	1	2
417	4	1	2
416	4	1	2
415	4	1	2
414	4	1	2
413	4	1	2
412	4	1	2
411	4	1	2
410	4	1	2
409	4	1	2
408	4	1	1
407	4	1	1
406	4	1	1
405	4	1	1
404	4	1	1
403	4	1	1
402	3	1	1
401	3	1	1
400	3	1	1
399	3	1	1
398	3	1	1
397	3	1	1
396	3	1	1
395	3	1	1
394	3	1	1
393	3	1	1
392	3	1	1
391	3	1	1
390	3	1	1
389	3	1	1
388	3	1	1
387	3	1	1
386	3	1	1
385	3	1	1
384	3	1	1
383	3	1	1
382	3	1	1
381	3	1	1
380	3	1	1
379	3	1	1
378	3	1	1
377	3	1	1
376	3	1	1
375	3	1	1
374	3	1	1
373	3	1	1
372	3	1	1
371	3	1	1
370	3	1	1
369	3	1	1
368	3	1	1
367	3	1	1
366	3	1	1
365	3	1	1
364	3	1	1
363	3	1	1
362	3	1	1
361	3	1	1
360	3	1	1
359	3	1	1
358	3	1	1
357	3	1	1
356	3	1	1
355	3	1	1
354	3	1	1
353	3	1	1
352	3	1	1
351	3	1	1
350	3	1	1
349	3	1	1
348	3	1	1
347	3	1	1
346	3	1	1
345	3	1	1
344	3	1	1
343	3	1	1
342	3	1	1
341	3	1	1
340	3	1	1
339	3	1	1
338	3	1	1
337	3	1	1
336	3	1	1
335	3	1	1
334	3	1	1
333	3	1	1
332	3	1	1
331	3	1	1
330	3	1	1
329	3	1	1
328	3	1	1
327	3	1	1
326	3	1	1
325	3	1	1
324	3	1	1
323	3	1	1
322	3	1	1
321	3	1	1
320	3	1	1
319	3	1	1
318	3	1	1
317	3	1	1
316	3	1	1
315	3	1	1
314	3	1	1
313	3	1	1
312	3	1	1
311	3	1	1
310	3	1	1
309	3	1	1
308	3	1	1
307	3	1	1
306	3	1	1
305	3	1	1
304	3	1	1
303	3	1	1
302	3	1	1
301	3	1	1
300	3	1	1
299	3	1	1
298	3	1	1
297	3	1	1
296	3	1	1
295	3	1	1
294	3	1	1
293	3	1	1
292	3	1	1
291	3	1	1
290	3	1	1
289	3	1	1
288	3	1	1
287	3	1	1
286	3	1	1
285	3	1	1
284	3	1	1
283	3	1	1
282	3	1	1
281	3	1	1
280	3	1	1
279	3	1	1
278	3	1	1
277	3	1	1
276	3	1	1
275	3	1	1
274	3	1	1
273	3	1	1
272	3	1	1
271	3	1	1
270	3	1	1
269	3	1	1
268	3	1	1
267	3	1	1
266	3	1	1
265	3	1	1
264	3	1	1
263	3	1	1
262	3	1	1
261	3	1	1
260	3	1	1
259	3	1	1
258	3	1	1
257	3	1	1
256	3	1	1
255	3	1	1
254	3	1	1
253	3	1	1
252	3	1	1
251	3	1	1
250	3	1	1
249	3	1	1
248	3	1	1
247	3	1	1
246	3	1	1
245	3	1	1
244	3	1	1
243	3	1	1
242	3	1	1
241	3	1	1
240	3	1	1
239	3	1	1
238	3	1	1
237	3	1	1
236	3	1	1
235	3	1	1
234	3	1	1
233	3	1	1
232	3	1	1
231	3	1	1
230	3	1	1
229	3	1	1
228	3	1	1
227	3	1	1
226	3	1	1
225	3	1	1
224	3	1	1
223	3	1	1
222	3	1	1
221	3	1	1
220	3	1	1
219	3	1	1
218	3	1	1
217	3	1	1
216	3	1	1
215	3	1	1
214	3	1	1
213	3	1	1
212	3	1	1
211	3	1	1
210	3	1	1
209	3	1	1
208	3	1	1
207	3	1	1
206	3	1	1
205	3	1	1
204	3	1	1
203	3	1	1
202	3	1	1
201	3	1	1
200	3	1	1
199	3	1	1
198	3	1	1
197	3	1	1
196	3	1	1
195	3	1	1
194	3	1	1
193	3	1	1
192	3	1	1
191	3	1	1
190	3	1	1
189	3	1	1
188	3	1	1
187	3	1	1
186	3	1	1
185	3	1	1
184	3	1	1
183	3	1	1
182	3	1	1
181	3	1	1
180	3	1	1
179	3	1	1
178	3	1	1
177	3	1	1
176	3	1	1
175	3	1	1
174	3	1	1
173	3	1	1
172	3	1	1
171	3	1	1
170	3	1	1
169	3	1	1
168	3	1	1
167	3	1	1
166	3	1	1
165	3	1	1
164	3	1	1
163	3	1	1
162	3	1	1
161	3	1	1
160	3	1	1
159	3	1	1
158	2	1	1
157	2	1	1
156	2	1	1
155	2	1	1
154	2	1	1
153	2	1	1
152	2	1	1
151	2	1	1
150	2	1	1
149	2	1	1
148	2	1	1
147	2	1	1
146	2	1	1
145	2	1	1
144	2	1	1
143	2	1	1
142	2	1	1
141	2	1	1
140	2	1	1
139	2	1	1
138	2	0	1
137	2	0	1
136	2	0	1
135	2	0	1
134	2	0	1
133	2	0	1
132	2	0	1
131	2	0	1
130	2	0	1
129	2	0	1
128	2	0	1
127	2	0	1
126	2	0	1
125	2	0	1
124	2	0	1
123	2	0	1
122	2	0	1
121	2	0	1
120	2	0	1
119	2	0	1
118	2	0	1
117	2	0	1
116	2	0	1
115	2	0	1
114	2	0	1
113	2	0	1
112	2	0	1
111	2	0	1
110	2	0	1
109	2	0	1
108	2	0	1
107	2	0	1
106	2	0	1
105	2	0	1
104	2	0	0
103	2	0	0
102	2	0	0
101	2	0	0
100	2	0	0
99	2	0	0
98	2	0	0
97	2	0	0
96	2	0	0
95	2	0	0
94	2	0	0
93	2	0	0
92	2	0	0
91	2	0	0
90	2	0	0
89	2	0	0
88	2	0	0
87	2	0	0
86	2	0	0
85	2	0	0
84	2	0	0
83	2	0	0
82	2	0	0
81	2	0	0
80	2	0	0
79	2	0	0
78	2	0	0
77	2	0	0
76	2	0	0
75	2	0	0
74	2	0	0
73	2	0	0
72	2	0	0
71	2	0	0
70	2	0	0
69	2	0	0
68	2	0	0
67	2	0	0
66	2	0	0
65	2	0	0
64	2	0	0
63	2	0	0
62	2	0	0
61	2	0	0
60	2	0	0
59	2	0	0
58	2	0	0
57	2	0	0
56	1	0	0
55	1	0	0
54	1	0	0
53	1	0	0
52	1	0	0
51	1	0	0
50	1	0	0
49	1	0	0
48	1	0	0
47	1	0	0
46	1	0	0
45	1	0	0
44	1	0	0
43	1	0	0
42	1	0	0
41	1	0	0
40	1	0	0
39	1	0	0
38	1	0	0
37	1	0	0
36	1	0	0
35	1	0	0
34	1	0	0
33	1	0	0
32	1	0	0
31	1	0	0
30	1	0	0
29	1	0	0
28	1	0	0
27	1	0	0
26	1	0	0
25	1	0	0
24	1	0	0
23	1	0	0
22	1	0	0
21	1	0	0
20	1	0	0
19	1	0	0
18	1	0	0
17	1	0	0
16	1	0	0
15	1	0	0
14	1	0	0
13	1	0	0
12	1	0	0
11	1	0	0
10	1	0	0
9	1	0	0
8	0	0	0
7	0	0	0
6	0	0	0
5	0	0	0
4	0	0	0
3	0	0	0
2	0	0	0
1	0	0	0
